    0.572384347928410255E-83    0.502994593688482951E+03    0.587526278460620972E+02    0.422412216222510406E+00    0.804141708939265287E+00   -0.364813769894756845E+01    0.127888451525527088E+03
    0.180731388227359819E-76    0.473014000019823072E+03    0.119129255772618681E+02    0.162076654011412580E+01    0.278515781222013370E+00    0.158545251328617720E+01    0.219706234292563607E+03
    0.132024688400338325E-73    0.459776535357072646E+03    0.695354640884155657E+02    0.747359803123101796E+00    0.724425652426538114E+00   -0.370164733887148101E+01    0.501938933612320781E+00
    0.363516245038131244E-71    0.448490524888786240E+03    0.462937636700538704E+02    0.523274152742662757E+00    0.430111009075459294E+00    0.113595014130023420E+01    0.236592902049744907E+03
    0.347388308051946075E-67    0.430110605722687751E+03    0.158540231260179837E+03    0.519331905277447770E+00    0.589545348560138405E+00   -0.132674590657614666E+01    0.157857245726099308E+03
    0.542450352164390584E-63    0.410748618245101113E+03    0.418723187610400132E+02    0.679649240001983013E+00    0.890092157799115824E-01    0.434479058730636680E+01    0.973934088864294694E+02
    0.793390186949334115E-62    0.405333010908768074E+03    0.131325376024719077E+03    0.544357263175604289E+00    0.640669920368098333E+00   -0.160378879906300953E+01    0.101216661253080574E+03
    0.125186841997386134E-57    0.385950175543579576E+03    0.659421025692548994E+02    0.437341344615577388E+00    0.449750218115454459E+00    0.953865624488958175E+00    0.208353759385042025E+03
    0.575129127397267418E-56    0.378245430902198564E+03    0.143422630384330205E+03    0.754425683897901767E+00    0.631975535450233106E+00   -0.247624429724582873E+01    0.109912022297539394E+03
    0.122108997163988178E-52    0.362874111197692855E+03    0.103567694724041942E+03    0.225996013622311975E+00    0.508888429466378689E+00    0.960868435550257138E+00    0.124335122049920486E+03
    0.150204473159747878E-48    0.343989263543751633E+03    0.790652614257067228E+02    0.342023520911339418E+00    0.139648158889696755E+00    0.349577191820991784E+01    0.209922746122108180E+03
    0.690340259737051757E-48    0.340888889372045128E+03    0.187890707280714366E+02    0.229444274097899914E+00    0.296683923859961562E+00    0.133574836853773049E+01    0.829153863757633331E+02
    0.164247352599618529E-45    0.329895000948033783E+03    0.535146547890535729E+01    0.109870054095932979E+01    0.299885003842795150E+00    0.216294988975100333E+01    0.673382178142756089E+02
    0.218250562998716747E-45    0.329276460477631417E+03    0.245722785408329685E+02    0.406117917564201847E+00    0.206724434959607462E+00    0.231240248913105706E+01    0.118990798290120580E+03
    0.236677503123498287E-44    0.324459180903955883E+03    0.657711564029619069E+02    0.747573477358024485E+00    0.960594898982475964E+00   -0.399484817511800205E+01    0.131509660993886310E+02
    0.497821209013702227E-38    0.295291074735321956E+03    0.140389806174195598E+03    0.915321506622649994E+00    0.234395949079313937E+00    0.273057222513648234E+01    0.939939840276563814E+02
    0.196904970322120203E-34    0.278675433524001221E+03    0.173176048258183954E+03    0.286276985468667089E+00    0.348022083818986527E+00    0.212435900232479291E+01    0.124932645767710241E+03
    0.673714826272186213E-31    0.262349751592527355E+03    0.117194689727532918E+03    0.248761479365613325E+00    0.621332072969269511E+00   -0.197385954665755015E+01    0.410685597656939336E+02
    0.607590371978020300E-30    0.257901193387234912E+03    0.880378200751086695E+02    0.431921715288232200E+00    0.108200344349806160E+00    0.456651429672198095E+01    0.536787932863150203E+02
    0.739163676385690942E-29    0.252853986290401053E+03    0.708850684953092554E+02    0.298417255721393493E+00    0.976517129785200999E-01    0.476905177734539709E+01    0.149470353435256413E+02
    0.205276775292202800E-28    0.250761136480640062E+03    0.534675333548250720E+02    0.638187735574821446E+00    0.171229923429363162E+00    0.397065090497875861E+01    0.110084402486139240E+03
    0.316216275079550464E-28    0.249847002075894750E+03    0.131491131525632937E+03    0.423984354482295434E+00    0.350399614097516909E+00    0.146959984342364569E+01    0.118700439136647475E+03
    0.600690625660028096E-28    0.248513694792393892E+03    0.921603353072750764E+02    0.344473467644289488E+00    0.145760840733493630E+00    0.381590432742008590E+01    0.121981393396512345E+03
    0.907313134783766998E-28    0.247638879598771581E+03    0.820819671798851047E+01    0.109032979153968235E+01    0.864363456309882039E-01    0.471703703201274394E+01    0.117503137446547711E+03
    0.105765367502299214E-27    0.247282238425409332E+03    0.136773485999484052E+03    0.246574725775655590E+00    0.109195890654873395E+00    0.406741058802633138E+01    0.108735440348363923E+03
    0.173951788702901091E-27    0.246237128309684550E+03    0.901278788398370665E+02    0.415879460167316195E+00    0.683826756329627639E+00   -0.264551562932433182E+01    0.788832252704996222E+02
    0.383577532931460019E-27    0.244605601133900507E+03    0.111732942617994155E+03    0.447789075536919878E+00    0.364615633641664327E+00    0.127651290193898337E+01    0.891353192971527903E+02
    0.654014385668711896E-27    0.243488425983186659E+03    0.466324932238026264E+02    0.473244679424627446E+00    0.211010251219050593E+00    0.374425533930568255E+01    0.106840233527738562E+03
    0.633911493561557023E-26    0.238895695803236606E+03    0.135102797682976671E+03    0.894307081052737596E+00    0.299888993746724897E+00    0.773282257971272591E+00    0.782681417856696697E+02
    0.842804468335029763E-26    0.238276044525120057E+03    0.171937949045738122E+03    0.122688353393218086E+01    0.304163785503939132E+00    0.797326012485041424E+00    0.769758726063507339E+02
    0.115260333623312078E-25    0.237599957625446763E+03    0.662921142732783153E+01    0.788979714758038519E+00    0.296540179355153644E+00    0.149305983572358891E+01    0.127315221102915615E+03
    0.146722487006417342E-25    0.237067258388386620E+03    0.151722755517668162E+03    0.118231552129310491E+01    0.298289934449703087E+00    0.963111892785653456E+00    0.277850968099673992E+02
    0.382402691706575871E-25    0.235101395866243479E+03    0.992437830111810229E+02    0.259412663917396424E+00    0.283531538129435712E+00    0.186623775983633600E+01    0.121991353733112959E+03
    0.496211646693361949E-25    0.234530339221002805E+03    0.856140727961821284E+02    0.772372528309522965E+00    0.231052155418814797E+00    0.237203094891178701E+01    0.202139076911220883E+03
    0.544402565162026362E-25    0.234294966341165804E+03    0.552778949333580556E+02    0.288035992899225879E+00    0.595134429918184993E+00   -0.127626838986627300E+01    0.187822160121919637E+03
    0.122627140949490521E-24    0.232620877366411236E+03    0.454555994884538279E+02    0.660497909731124766E+00    0.316808479903737894E+00    0.178118079165738386E+01    0.176797862159730130E+03
    0.203177643369354976E-24    0.231561012746798070E+03    0.762223886194935432E+02    0.301817258989731219E+00    0.744124437004531070E-01    0.475595812819845776E+01    0.167672406344783042E+03
    0.327656490216479247E-24    0.230555242573180237E+03    0.378601886057605483E+02    0.663830902942972645E+00    0.306257152714959457E+00    0.215219757403355505E+01    0.102989236503962402E+03
    0.106218448981840885E-23    0.228153008308641944E+03    0.222815216380838166E+02    0.677783150522522915E+00    0.821422290687219836E-01    0.476823230908914475E+01    0.923351452592902433E+02
    0.310026815965222814E-23    0.225960686340832240E+03    0.326094674243730935E+02    0.395276901424430560E+00    0.274911007816246056E+00    0.278570549789894217E+01    0.826038797332427492E+02
    0.168205582850487025E-22    0.222528459871093531E+03    0.226128686838431641E+02    0.637511363040105028E+00    0.110532125729154579E+00    0.480198404631559672E+01    0.543765986721820980E+02
    0.197848921610508545E-22    0.222153826313995808E+03    0.167783686641909888E+02    0.652162332648581589E+00    0.223324877635821789E+00    0.342198382386739652E+01    0.529105800229618595E+02
    0.201810556139457390E-22    0.222064174915628399E+03    0.173543683934159219E+03    0.928426787540073462E+00    0.651101744962296447E+00   -0.340096266551292770E+01    0.526146193439335690E+02
    0.198428100674655324E-22    0.222047980105974887E+03    0.264970497127369882E+02    0.288279020040858924E+00    0.252751537815052552E+00    0.285975806787948805E+01    0.808685669865716079E+02
    0.227297234966184447E-22    0.221726316616356456E+03    0.491338168810974452E+02    0.329831519237215487E+00    0.244443290839858496E+00    0.237583963751455318E+01    0.188248049390792886E+03
    0.295731979058593138E-22    0.221149926612588416E+03    0.275270555254836253E+02    0.986519664944571661E+00    0.956060573748251930E-01    0.429783342286504677E+01    0.149207115544704408E+03
    0.380654695646566151E-22    0.220595048441467497E+03    0.727249777402433750E+02    0.208912087786962047E+00    0.368611691628518812E+00    0.518468322334340259E+00    0.995737294009755090E+02
    0.103401977263982930E-21    0.218546415393825015E+03    0.156927108786322620E+02    0.140372015794213834E+01    0.135717750743623522E+00    0.387738069108498973E+01    0.451442863965419718E+02
    0.104334195672056783E-21    0.218478465228428774E+03    0.281506876537573234E+02    0.475495817683390221E+00    0.326999443380584509E+00    0.198511956866404038E+01    0.656331335798202957E+02
    0.231645469112587449E-21    0.216833247457605637E+03    0.740692462711816546E+02    0.544066183156281635E+00    0.847833584036591703E+00   -0.384930008220264641E+01    0.617179747817387181E+02
    0.236874754354098924E-21    0.216738600484942140E+03    0.980540287454803803E+02    0.652745966425623769E+00    0.339182753240852730E+00    0.849075404191428351E+00    0.104331078835384673E+03
    0.233494127379159334E-21    0.216717349709794888E+03    0.242730443330684835E+03    0.469917222325680783E+00    0.388586915328753779E+00    0.155467538168982317E+00    0.960884687147375871E+02
    0.265254460479474263E-21    0.216412284375586438E+03    0.178930651043523028E+02    0.551278498723981047E+00    0.135512107319319869E+00    0.450453186959125595E+01    0.985942214382366160E+02
    0.283847818084839138E-21    0.216226787077104575E+03    0.129086524395769935E+02    0.871440985930443168E+00    0.188655901576360668E+00    0.313182421570471670E+01    0.148832472027233280E+03
    0.381862540626011947E-21    0.215583542157449330E+03    0.219171164936892957E+02    0.429263736592664702E+00    0.447262987212824037E+00    0.122772245877311836E+01    0.149908334091059601E+03
    0.244182113911360280E-20    0.211822664745795350E+03    0.162259213448946191E+02    0.319563734085251572E+00    0.238550120352228195E+00    0.261375963776918008E+01    0.111943262828054088E+03
    0.267650259169228649E-20    0.211589131126265499E+03    0.909095548216094613E+02    0.287273996285001443E+00    0.480268673393510870E+00   -0.563192122899606407E+00    0.177270635692769361E+03
    0.284211712923124122E-20    0.211419054519617049E+03    0.110899400469584037E+03    0.434168522657374656E+00    0.390611992505790095E+00    0.517113821130148477E+00    0.917822901899264423E+02
    0.470985677522699682E-20    0.210358838006776494E+03    0.534064553209624648E+02    0.418995905043114847E+00    0.766711183230776139E+00   -0.241973397887110542E+01    0.914562902828357949E+02
    0.119757856737997500E-19    0.208442379503299293E+03    0.685461160820831026E+02    0.410428598229876429E+00    0.200695724743094245E+00    0.268150152949103537E+01    0.227453225038420442E+03
    0.151015707814149050E-19    0.207928555477255259E+03    0.159308702164574019E+02    0.575050080621509752E+00    0.162784874116439521E+00    0.345864900819782850E+01    0.119468519396045394E+03
    0.192203946322491404E-19    0.207396209133182168E+03    0.463124537089286648E+02    0.658041311419223729E+00    0.706730554224031748E+00   -0.278838702263537419E+01    0.477388126937350279E+02
    0.389183025272099288E-19    0.205935223720679289E+03    0.483793402671778949E+02    0.271927016485447370E+00    0.286066763973496119E+00    0.179825954909142061E+01    0.101163675286449902E+03
    0.604092512365333713E-19    0.205005868485835435E+03    0.137551949397801906E+03    0.103633309124168460E+01    0.404633532193512113E+00   -0.384976429703124512E+00    0.712123247523349221E+02
    0.151432434400949124E-18    0.203117873908754319E+03    0.810658635751386925E+02    0.117928023053520348E+01    0.365276583821041556E+00    0.128032976112216673E+00    0.371309646422935984E+02
    0.175934542541573486E-18    0.202767928987630427E+03    0.138535896302191812E+02    0.721164522917880468E+00    0.362950617214450488E+00    0.106177043631842927E+01    0.338921552335870729E+03
    0.230265945591392246E-18    0.202179683152354414E+03    0.335398851903669168E+02    0.258724730925636692E+00    0.408597640855187239E+00    0.149775288806486673E+01    0.129510827750839724E+03
    0.330766336353385801E-18    0.201405328617350449E+03    0.113219080191628649E+03    0.336479743490161298E+00    0.760356845652170432E+00   -0.215593074336248014E+01    0.425888774857480286E+02
    0.357569801258286279E-18    0.201199491821893986E+03    0.135875549364285035E+02    0.148383984090482168E+01    0.177518437438557525E+00    0.312563539429750348E+01    0.927309930264229791E+02
    0.154226092230194926E-17    0.198226143504352308E+03    0.117472339576479186E+03    0.223099600272110177E+00    0.469255359323126786E+00   -0.485261720329666912E-01    0.218323829291828247E+03
    0.184898790383722513E-17    0.197813365625868755E+03    0.840557471795003863E+02    0.490871248139896244E+00    0.478570405298394619E+00   -0.136729419414998721E+00    0.640093352891838379E+02
    0.226183726399028569E-17    0.197360287583253438E+03    0.317349779063157200E+02    0.690260072867901586E+00    0.363405946960139614E+00    0.924807121190812431E+00    0.234056470942823722E+03
    0.263012689061552294E-17    0.197008578261814506E+03    0.875516392613219239E+02    0.841483047698551534E+00    0.328118892501890691E+00    0.710335085692114676E+00    0.855675708471414538E+02
    0.104135761273258117E-16    0.194206421743199030E+03    0.314421971531040967E+02    0.317223291129641705E+00    0.493120900619513913E+00    0.367534289827252558E+00    0.226769660185912699E+03
    0.248331504309360366E-16    0.192418283503644631E+03    0.217174721573342495E+02    0.388526229270153733E+00    0.395840162962610376E+00    0.135294964139384555E+01    0.444880367210543284E+02
    0.511543810900291987E-16    0.190922946165553356E+03    0.274725866973014305E+02    0.409174027882304170E+00    0.432645380030475923E+00    0.882737700136562831E+00    0.985133378957074335E+01
    0.921967478499202389E-16    0.189694792732304762E+03    0.639940062781966432E+02    0.760344940221710952E+00    0.449996016977444624E+00   -0.211277504014052209E+00    0.649274407732393826E+02
    0.117525907529497191E-15    0.189159324848845387E+03    0.136322643723185706E+03    0.485363654057796523E+00    0.805020548764889710E+00   -0.376511971454279326E+01    0.579699356198684015E+02
    0.655752599041107405E-15    0.185671075282225758E+03    0.121994854921612429E+03    0.219261992199738298E+00    0.523383450053729216E+00   -0.779412833188993903E+00    0.175268676396588461E+03
    0.950196884119855372E-15    0.184879304027502855E+03    0.828291767712759821E+02    0.221835126665437060E+00    0.643643130251310813E+00   -0.935465948851367135E+00    0.264011874896758911E+02
    0.165844716583405167E-14    0.183715368444065206E+03    0.167960077057203108E+03    0.728783550605136221E+00    0.373299094665240416E+00   -0.690629769287734886E-02    0.100071785410062603E+03
    0.173536483321235636E-14    0.183574696549062594E+03    0.793578453854448753E+02    0.602493733982133017E+00    0.712755344718844053E+00   -0.241019917396662642E+01    0.442414174314926072E+02
    0.189886649796328289E-14    0.183344617632409694E+03    0.169026200645424325E+03    0.255255654589427172E+00    0.604408336826662618E+00   -0.170365506988322624E+01    0.115887689549946288E+03
    0.241009704009187350E-14    0.182817797864086060E+03    0.522956731895852016E+02    0.921776038611368698E+00    0.503179172432174027E+00   -0.855876238199936190E+00    0.722878210863781501E+01
    0.392103076423318026E-14    0.181794422750073409E+03    0.105128159123173532E+03    0.230585214423681240E+00    0.713367340758004675E+00   -0.165530559407334543E+01    0.392433478221480243E+02
    0.397950878598106378E-14    0.181714815106523247E+03    0.855539100366006409E+02    0.765207057970753834E+00    0.438055989123651512E+00   -0.416054998361526707E+00    0.107512403691298971E+03
    0.466635550027538383E-14    0.181346375168243242E+03    0.666079657415466215E+02    0.345398537718393905E+00    0.422544417918225224E+00    0.110387602556775558E+00    0.495974115371563187E+02
    0.536821949639341588E-14    0.181016139311419408E+03    0.353553367847035886E+02    0.496083784675652784E+00    0.382777254427246749E+00    0.853192029117084694E+00    0.216620114609701062E+03
    0.139545089023131838E-13    0.179055526538972003E+03    0.477900729036378920E+02    0.307788509799648557E+00    0.488358122660746519E+00    0.183779880467823342E+00    0.214048386842302634E+02
    0.139206475433287918E-13    0.179010385543183304E+03    0.130000747093890283E+03    0.572228115491236533E+00    0.353668875404693661E+00    0.377744226205855627E+00    0.151496478807932220E+03
    0.149102236033852961E-13    0.178823037637590915E+03    0.138157898289425873E+03    0.226489345023229122E+00    0.712789855557372065E+00   -0.231055690908205724E+01    0.958219767947586973E+02
    0.177302273032379244E-13    0.178426590008135463E+03    0.141123523102910383E+03    0.419525812491257366E+00    0.834385529923273084E+00   -0.336937240683215800E+01    0.240867523806086652E+02
    0.380321137569098563E-13    0.176850270085271603E+03    0.118070016095468802E+03    0.759029058034547233E+00    0.425476766873711554E+00   -0.510990203439719459E+00    0.547773760276057757E+02
    0.532018091798606137E-13    0.176128947082847276E+03    0.827326093386235755E+02    0.640647348905901137E+00    0.445495364367492319E+00   -0.591436121409074089E+00    0.876095218228481940E+02
    0.128349173912645495E-12    0.174317622946490530E+03    0.380382726942930844E+02    0.677660689945287165E+00    0.405503381270633678E+00    0.399202551566261721E+00    0.987405496402079308E+02
    0.126461966978550257E-12    0.174297248675335766E+03    0.952771992332665150E+02    0.365071600004632901E+00    0.736228366609563589E+00   -0.283691149713022961E+01    0.367291965487637952E+02
    0.138659623822857690E-12    0.174063087527537874E+03    0.390784740242185009E+02    0.208285521840455790E+00    0.646494015319852289E+00   -0.123629058140580428E+01    0.123042443635751042E+03
    0.156720929778190347E-12    0.173768198475959622E+03    0.302655058213157417E+02    0.797687890473185446E+00    0.342094554181457788E+00    0.875137929044973895E+00    0.136771999008833035E+03
    0.157991064755652614E-12    0.173702054930169652E+03    0.167023794650203030E+03    0.310797262112502914E+00    0.631078528458779209E+00   -0.198791871113041529E+01    0.484869298047202832E+02
    0.176166740524005288E-12    0.173434270016888405E+03    0.815143958926398966E+02    0.208046020743673815E+00    0.640727291571879243E+00   -0.114817842214241139E+01    0.134702659509211671E+02
    0.194463923002430316E-12    0.173186638568656122E+03    0.323996375015022622E+02    0.663548806062904339E+00    0.268039225905962020E+00    0.165249904881298848E+01    0.200885246941915483E+03
    0.274391289517444432E-12    0.172448021585452892E+03    0.272652832575391386E+02    0.242653487813087820E+00    0.529931598402116566E+00    0.553332105156371656E+00    0.102220476555608087E+03
    0.297244980706747266E-12    0.172238018589337202E+03    0.341187158653772613E+02    0.325921191957313228E+00    0.524757308190091032E+00    0.265078730265816020E+00    0.823719314360000965E+02
    0.295744367705979834E-12    0.172198140971521951E+03    0.986857817763117993E+02    0.337109829312362164E+00    0.555971431192999521E+00   -0.935503308459611604E+00    0.471507728710199601E+02
    0.321392067734568943E-12    0.171981808343374666E+03    0.404167643082358197E+02    0.254805305010837368E+00    0.932773814774174648E+00   -0.359692239256382651E+01    0.202251710984244362E+02
    0.485679345391830561E-12    0.171106034642659637E+03    0.550095615117729579E+02    0.257400623280385044E+00    0.778533534022220697E+00   -0.171174732266668328E+01    0.619152977469737476E+01
    0.498683475014620900E-12    0.171003188736909749E+03    0.231016053662886804E+02    0.539496499819532960E+00    0.274371628718478533E+00    0.174507372623974266E+01    0.230770634104409169E+03
    0.739076470489204388E-12    0.170166329100808099E+03    0.805792731718027966E+02    0.437120513862726934E+00    0.914256110036893554E+00   -0.442028119803222896E+01    0.282361485686847580E+02
    0.802765140346360639E-12    0.169951007501883680E+03    0.575879502378791912E+02    0.776268002764608056E+00    0.432172095241157128E+00   -0.426315538770101254E+00    0.224505684088387483E+02
    0.114678094333322459E-11    0.169187703655432017E+03    0.504877316366638382E+02    0.281439095097047842E+00    0.992590513875296954E+00   -0.288436701135571827E+01    0.857620137234686908E+01
    0.119437045822090962E-11    0.169056382863973454E+03    0.792835702721367852E+02    0.225889916051696338E+00    0.860616155387500248E+00   -0.252193931462757082E+01    0.296057573180698057E+02
    0.227977773772176530E-11    0.167713465421183884E+03    0.783068255927331336E+02    0.691251154252886635E+00    0.498892827911132986E+00   -0.107592478882865428E+01    0.595724013100403269E+02
    0.381102940231523151E-11    0.166635822656742022E+03    0.145351390473958674E+03    0.744913889402033846E+00    0.365146083077646899E+00   -0.578260987656411748E-02    0.161636360148364759E+03
    0.467515453465105519E-11    0.166177096895232893E+03    0.975038094524731207E+02    0.451065677646364516E+00    0.714227334716211248E+00   -0.240745696233402651E+01    0.109559774348843675E+02
    0.125584601687719103E-10    0.164150832219709059E+03    0.763001320405802090E+02    0.221749838738290461E+00    0.104825595516682912E+01   -0.390972962940911195E+01    0.250031456820407030E+02
    0.156387969000001072E-10    0.163662111715490425E+03    0.382037481341974541E+02    0.371314584285926563E+00    0.434601944975980647E+00    0.412598499287177345E+00    0.572695368733253858E+02
    0.232214468335977758E-10    0.162821468762441498E+03    0.340494040154952700E+02    0.519564894867107663E+00    0.245731273444934811E+00    0.185234110634918148E+01    0.284156758338166355E+03
    0.408479418081826523E-10    0.161641908458894079E+03    0.828434907372631955E+02    0.228594040977754098E+00    0.780749287036917594E+00   -0.220362432108827955E+01    0.215673870962580274E+02
    0.460766472134957110E-10    0.161351008823468817E+03    0.114686648181135723E+03    0.379604420854763369E+00    0.693194069081943143E+00   -0.239629778044859343E+01    0.446414478943204927E+02
    0.478168410201373903E-10    0.161226865530615441E+03    0.671380787150014839E+02    0.233291923304105364E+00    0.653066404754337304E+00   -0.113501071669413078E+01    0.409956564225897111E+02
    0.495228092522850075E-10    0.161106754617866983E+03    0.450521100612827965E+02    0.608832456314084114E+00    0.870841130735917845E+00   -0.301239941260487409E+01    0.143080025489519294E+02
    0.782913916655902630E-10    0.160140746017624309E+03    0.574195890990651847E+02    0.219667808989837759E+00    0.844536661955381240E+00   -0.291260556083793265E+01    0.755221566155997266E+02
    0.870804006929614426E-10    0.159877957655120667E+03    0.234243687213201213E+02    0.573427162532296419E+00    0.458687631242936711E+00    0.205562110803790304E+00    0.165477836925505983E+03
    0.941937964634278547E-10    0.159670912681780635E+03    0.121736877406707826E+02    0.573129530111096241E+00    0.384474570541448346E+00    0.942940310207148524E+00    0.105570063401745941E+03
    0.136779057015047278E-09    0.158874887527755419E+03    0.523302358304695190E+02    0.503771712599287769E+00    0.734862894519026311E+00   -0.197722701446484428E+01    0.255084203735589021E+02
    0.179780563556339082E-09    0.158278147299021839E+03    0.163676962491999731E+02    0.345178113651682050E+00    0.526607766422222401E+00   -0.766199525113368946E-01    0.476793174914224167E+02
    0.180460207587992510E-09    0.158220600736917021E+03    0.301545150979317782E+02    0.285772318724959062E+00    0.813438679232373452E+00   -0.240779543389753226E+01    0.120370617550546477E+01
    0.188666297304414906E-09    0.158081661667136814E+03    0.894303601326475786E+02    0.265636580544530154E+00    0.909498960031479564E+00   -0.335127338932082708E+01    0.305720984461747989E+02
    0.337729267940391346E-09    0.156867132146501575E+03    0.818404027988201932E+02    0.287550682200747254E+00    0.689228407873010651E+00   -0.179444844469741982E+01    0.354548484684501233E+02
    0.517961113315767465E-09    0.155961820993457138E+03    0.371092149028245046E+02    0.229898712749380313E+00    0.524306899355996281E+00   -0.120788634595655503E+00    0.208278763518754886E+02
    0.801324250633817208E-09    0.155039089985823892E+03    0.291309979324545694E+02    0.486057501009702631E+00    0.865180643725989573E+00   -0.279595374413368125E+01    0.456764310100754187E+02
    0.783135658743702434E-09    0.155035009458533438E+03    0.156871046547544299E+02    0.535868281064214025E+00    0.693929497272167684E+00   -0.146817702873833378E+01    0.800570792591252314E+02
    0.848041200000056941E-09    0.154825762891667381E+03    0.274575930728881588E+02    0.645144507950778157E+00    0.253889614817128628E+00    0.170733836355464375E+01    0.277628579800615569E+03
    0.108023854208273190E-08    0.154291746994645422E+03    0.339221835219151728E+02    0.585696167575728399E+00    0.514555618775986656E+00   -0.359321909688166630E+00    0.828341820955176331E+02
    0.198673992165855809E-08    0.153023120642643136E+03    0.300455973128640679E+02    0.527053496210052930E+00    0.620874891770331283E+00   -0.820526152977001377E+00    0.484494513302474488E+02
    0.238924806950259446E-08    0.152604153370396403E+03    0.636746139297762568E+02    0.236063478698993495E+00    0.739326084633810998E+00   -0.220259697663833443E+01    0.388477286140771980E+02
    0.240157530355188754E-08    0.152543860975711880E+03    0.157604672331437978E+02    0.488651702398983034E+00    0.551264137041541424E+00   -0.392355822597984183E+00    0.625470656202087394E+01
    0.270002211513797162E-08    0.152259590845200790E+03    0.709789675846686947E+02    0.202027050178008150E+00    0.104155313031045726E+01   -0.410887450342518612E+01    0.267278058923662165E+01
    0.292339954752373632E-08    0.152050616437346662E+03    0.241254839975630588E+02    0.626892444947222516E+00    0.508582204885754896E+00   -0.531226631590731357E+00    0.316598673304616725E+02
    0.285152195004818812E-08    0.152050405034128573E+03    0.360362483268200435E+02    0.336751098635472312E+00    0.829617206285771180E+00   -0.188799508908559344E+01    0.274692486439094594E+02
    0.295581168609358562E-08    0.151928564181928010E+03    0.446441668287581166E+02    0.274569996315924936E+00    0.563782370614929751E+00   -0.638633316497197789E+00    0.504824481845035180E+02
    0.384096115735472369E-08    0.151354665499390080E+03    0.221338137679256164E+02    0.640438726679379511E+00    0.361637005282041124E+00    0.761150700139310188E+00    0.109329275077131257E+03
    0.381834940548374048E-08    0.151316474299869554E+03    0.481221395042813498E+02    0.354404888026421172E+00    0.618518664223562831E+00   -0.105786776972912477E+01    0.235231946289535010E+02
    0.441234156785104210E-08    0.150977299740114091E+03    0.122682792386118180E+02    0.842765196002848826E+00    0.337321833322014097E+00    0.825892518416941335E+00    0.142405915087319897E+03
    0.620917004797823491E-08    0.150244056294047596E+03    0.934701299639244212E+02    0.221696269000742657E+00    0.836603297967323356E+00   -0.304608991627549219E+01    0.416406306804280533E+02
    0.715441618562832107E-08    0.149910651143979322E+03    0.559246479663337155E+02    0.248079052212736795E+00    0.662790991498275472E+00   -0.150141677505893911E+01    0.554152682082238570E+02
    0.129085090042624144E-07    0.148680337359433366E+03    0.221602658467729654E+02    0.775755211001703415E+00    0.354743742868417145E+00    0.618605812387323262E+00    0.216102652572968395E+03
    0.133120608380330729E-07    0.148568769864271644E+03    0.309146824377586356E+02    0.362599665727225184E+00    0.963676115194577521E+00   -0.371737694982943534E+01    0.490601060211119488E+01
    0.133288171026412930E-07    0.148516253991205417E+03    0.285342962106542402E+02    0.492983068282232761E+00    0.517818372208421085E+00   -0.455855468778110895E+00    0.100035383471368718E+03
    0.138438318171061173E-07    0.148390431218203531E+03    0.278288723704918368E+02    0.452549896835716059E+00    0.636694438019295594E+00   -0.124659897592488678E+01    0.939842780109120213E+02
    0.175700044990043005E-07    0.147863724456216573E+03    0.237516211339898504E+02    0.358819312601439844E+00    0.795291953382837979E+00   -0.225933452609521801E+01    0.157531882313215394E+02
    0.412482210273687140E-07    0.146106894802254999E+03    0.486824375123140882E+02    0.227057186756608742E+00    0.860459218649809898E+00   -0.283695031288752952E+01    0.644012368363265750E+02
    0.456611144395750116E-07    0.145853616676431500E+03    0.335295319442145612E+02    0.628652877203978444E+00    0.989335588210899064E+00   -0.411464952826324204E+01    0.182161968308719544E+02
    0.449580883898476745E-07    0.145834649399413706E+03    0.464841057912603901E+02    0.232444394017712580E+00    0.601063089909409487E+00   -0.749560832440146374E+00    0.704973221713640470E+02
    0.533120907763937182E-07    0.145443784474175118E+03    0.345581280766792958E+02    0.361337318409836183E+00    0.704292072036244887E+00   -0.125659006973606346E+01    0.192864512605667358E+02
    0.529222855995890640E-07    0.145408461716684599E+03    0.685639890276719228E+02    0.255955216592626267E+00    0.894312198385331047E+00   -0.324045991762911756E+01    0.429623487814348692E+02
    0.774801662012161934E-07    0.144596066805494161E+03    0.518059494438856660E+02    0.406101521535963850E+00    0.748268243159891266E+00   -0.245203551165255318E+01    0.355582649411084759E+02
    0.907320370555483644E-07    0.144230289743196636E+03    0.351437232979849199E+02    0.540772629493664558E+00    0.575928376098949535E+00   -0.906142867785445505E+00    0.739060105719062364E+02
    0.903284325665531725E-07    0.144189206215319700E+03    0.284481102596774988E+02    0.232064564902644266E+00    0.891367006973109999E+00   -0.262327643877936012E+01    0.721326786801801916E+02
    0.896146650067169989E-07    0.144155072815661811E+03    0.326364604036494725E+02    0.289491643899556728E+00    0.578493887083421976E+00   -0.631327150779318114E+00    0.567583196281374356E+02
    0.934071904244732485E-07    0.144022174117649314E+03    0.292827521940385083E+02    0.270930743238715910E+00    0.109534460675801193E+01   -0.443297444559134846E+01    0.345329126149063512E+02
    0.114131533347676736E-06    0.143571407603592434E+03    0.226281944743983772E+02    0.596727804846978294E+00    0.545568025003230428E+00   -0.349408496250379952E+00    0.337036410357179577E+02
    0.127149509770353426E-06    0.143305383500060941E+03    0.147485350631397143E+02    0.272579099216594956E+00    0.662711318997829202E+00   -0.733796207580795112E+00    0.300543102601799035E+02
    0.139726093546048931E-06    0.143066742709654619E+03    0.271182574362053259E+02    0.392392882484169259E+00    0.892585427595585790E+00   -0.216593379382947271E+01    0.145890097610339637E+02
    0.150429060404103573E-06    0.142869127545492006E+03    0.437746813282116349E+02    0.201810463374421850E+00    0.921143995271938021E+00   -0.326312171203767099E+01    0.204463362958796289E+02
    0.148819652396053244E-06    0.142840640400273344E+03    0.298348320993986391E+02    0.235701576055950129E+00    0.614340623516044460E+00   -0.698950360580804730E+00    0.219664475906720753E+02
    0.264280944933028673E-06    0.141642085327428191E+03    0.305454293956224561E+02    0.261780873314078399E+00    0.569374848228126340E+00   -0.254402895771365933E+00    0.486675307149876559E+02
    0.262512528518304382E-06    0.141605513155574897E+03    0.221065050088608963E+02    0.315890279174495636E+00    0.735130824529635740E+00   -0.916589864898332607E+00    0.401905206174473122E+02
    0.437454687133460627E-06    0.140534164516403308E+03    0.132947314892671855E+02    0.747892430997565638E+00    0.564287346733918449E+00   -0.434551348826186401E+00    0.462865629794476448E+02
    0.677319449976896431E-06    0.139609824727260275E+03    0.350411760507316075E+02    0.340650456965323645E+00    0.666151674208279698E+00   -0.142028220752446566E+01    0.585599268846956917E+02
    0.747601556023600327E-06    0.139362370458862500E+03    0.272471802894091084E+02    0.335430175409568321E+00    0.620559180753400108E+00   -0.716880749256556760E+00    0.968186162228060567E+02
    0.755461467792633835E-06    0.139291453216433496E+03    0.613784769030605020E+02    0.273188237108484111E+00    0.947174054283597688E+00   -0.369428917047926841E+01    0.129143837081033404E+02
    0.746670878359538391E-06    0.139264861779087624E+03    0.184386231827781977E+02    0.603893544292871676E+00    0.594476532260253099E+00   -0.631763412852077599E+00    0.622931152781824551E+02
    0.966770378081042328E-06    0.138698188754294762E+03    0.428349484256433897E+02    0.442341650471563819E+00    0.807071998682284630E+00   -0.270283742253599080E+01    0.430739550373248363E+02
    0.104585432790034418E-05    0.138490932034624279E+03    0.562183019440016167E+02    0.357131928535761312E+00    0.104057782847698643E+01   -0.423110402432513322E+01    0.120809607845010696E+02
    0.107398140067291864E-05    0.138387854858518637E+03    0.361212929985014028E+02    0.288871789823279101E+00    0.845198088152071425E+00   -0.208064570194378096E+01    0.279949831946621899E+02
    0.140245738754935616E-05    0.137804148265285420E+03    0.623610675370005012E+02    0.199393827021741965E+00    0.101069542546303026E+01   -0.375788866222546103E+01    0.238105039201404054E+02
    0.232667673436819568E-05    0.136741718304395363E+03    0.191456285554972823E+02    0.430631021891528576E+00    0.575642503686995988E+00   -0.244538456667560467E+00    0.364007164021796044E+02
    0.259193720999459063E-05    0.136475789107458695E+03    0.557427518768621937E+02    0.215527287466971057E+00    0.954662489254850311E+00   -0.357937416165070843E+01    0.164842082822535652E+02
    0.253865565372464082E-05    0.136467330873312875E+03    0.193946755121900125E+02    0.524160506878048160E+00    0.694942345028925379E+00   -0.105737536404779364E+01    0.193815443009170707E+02
    0.286092016974952866E-05    0.136178313593253762E+03    0.494045744221543899E+02    0.228134636795001677E+00    0.835100960802111381E+00   -0.236760434574384959E+01    0.294936580522348422E+02
    0.316159502997996419E-05    0.135928446901623715E+03    0.225177217344806486E+02    0.758956408989172937E+00    0.601823758004615184E+00   -0.106183392800453413E+01    0.180363560353691028E+02
    0.363229118040509618E-05    0.135600872958089838E+03    0.320515647389307361E+02    0.555268583119633452E+00    0.601703546381764709E+00   -0.113092549176649637E+01    0.401672973476776818E+02
    0.493671764054029196E-05    0.134937198884526651E+03    0.297435586110236301E+02    0.203618538212015004E+00    0.886086007767627915E+00   -0.268057613183971455E+01    0.446607168697632133E+02
    0.515658498428255204E-05    0.134800051143494954E+03    0.537838703476029565E+02    0.218986497127828694E+00    0.869301507701506271E+00   -0.285916605111136146E+01    0.357883446739822020E+02
    0.539032259695318830E-05    0.134661389746490414E+03    0.507980659622292521E+02    0.371938351712398030E+00    0.102609749150375640E+01   -0.413581837527565543E+01    0.102441461833766070E+02
    0.792206077106892564E-05    0.133841297474077862E+03    0.470136658735484971E+02    0.283839544167024893E+00    0.944809026633442350E+00   -0.327552686974395035E+01    0.322179631512114000E+02
    0.775228471181142326E-05    0.133834625011885919E+03    0.185914166372032064E+02    0.592905403417411825E+00    0.539207169983376922E+00   -0.305931100596845473E+00    0.594719974317020075E+02
    0.768737120211613141E-05    0.133801442457181651E+03    0.331665016982890819E+02    0.238503065511048218E+00    0.694850209187749535E+00   -0.124573633435990905E+01    0.265312135820379922E+02
    0.766338190484195814E-05    0.133757693438260077E+03    0.174180931689855747E+02    0.385760681720386911E+00    0.739637386532946084E+00   -0.112212901894179451E+01    0.505705759072662104E+02
    0.828063072644335212E-05    0.133552761934399172E+03    0.173859154857508109E+02    0.340342293105016735E+00    0.634266566994156844E+00   -0.370934676948102671E+00    0.452904291781904647E+02
    0.851993901649766872E-05    0.133445781848518578E+03    0.247270947981076716E+02    0.537635321438552638E+00    0.264106778867121694E+00    0.156202820029613298E+01    0.278433029439226743E+03
    0.925352902493663616E-05    0.133230590224823885E+03    0.242857358409684210E+02    0.279264217053359243E+00    0.791158356169719190E+00   -0.156403613844094980E+01    0.508685978363291369E+01
    0.108949269737671052E-04    0.132854005683483507E+03    0.289602149011188459E+02    0.359835626226976235E+00    0.640312047055392908E+00   -0.925836043368230999E+00    0.341720726157934180E+02
    0.135648686751899170E-04    0.132365633684947113E+03    0.268346683608790713E+02    0.292174077279361177E+00    0.898267307749548771E+00   -0.217162338513691955E+01    0.123662785662141719E+02
    0.198304552664735052E-04    0.131556162413295993E+03    0.165091034819404641E+02    0.198433595305696292E+00    0.749403553087993446E+00   -0.724325247804780248E+00    0.329959829830541054E+02
    0.206109785244373893E-04    0.131428952470945745E+03    0.172858737403745266E+02    0.389314455770182200E+00    0.821101911856233380E+00   -0.162036349651324096E+01    0.662816694683100849E+01
    0.225326457092671057E-04    0.131200669858665151E+03    0.410429021132225742E+02    0.207890885455091351E+00    0.998363506542897738E+00   -0.367602247462363607E+01    0.145853743214230285E+02
    0.285673296909336073E-04    0.130676072722005841E+03    0.320411293014646077E+02    0.252630006926101769E+00    0.679170280720294950E+00   -0.109208622703655234E+01    0.540995558601133482E+02
    0.324287126581568138E-04    0.130372511767745749E+03    0.403383735793707672E+02    0.456811912639006501E+00    0.825152551055856831E+00   -0.281851906249280226E+01    0.291021488445944527E+02
    0.338495125981515277E-04    0.130236751014010281E+03    0.175771685813864238E+02    0.578006904519101861E+00    0.583620900533506903E+00   -0.778080865451057813E+00    0.510758700855921077E+02
    0.355429740426252836E-04    0.130089115213203826E+03    0.234312500165223341E+02    0.233044062043873762E+00    0.689458641050799792E+00   -0.776692092057386652E+00    0.306625138260174097E+02
    0.356243958203965024E-04    0.130034538856738607E+03    0.140999511735789422E+02    0.394759327846758379E+00    0.674026699799832207E+00   -0.927667412670131752E+00    0.432293710309020938E+02
    0.419351068244883395E-04    0.129658353519142253E+03    0.383367726734318808E+02    0.570448511970502392E+00    0.943690251061880869E+00   -0.374483448137768526E+01    0.120867945410617139E+02
    0.569893826267530009E-04    0.128994870253217442E+03    0.344780664227614082E+02    0.446290779225243628E+00    0.817458476923534239E+00   -0.263778077745583239E+01    0.361694110770399391E+02
    0.646441785721656398E-04    0.128692804103021501E+03    0.167047400354230540E+02    0.545180500474069962E+00    0.801336290563417042E+00   -0.231236369067364711E+01    0.352262607191074579E+02
    0.659994182708126010E-04    0.128601308358955691E+03    0.343153419619932194E+02    0.210170301305270035E+00    0.838277421594853189E+00   -0.229147473624087272E+01    0.546778643337512378E+02
    0.722605700365337933E-04    0.128370042986022611E+03    0.325762634350706364E+02    0.210878152692863946E+00    0.758279475051807594E+00   -0.162512369451255978E+01    0.609122129431644694E+02
    0.742126768827464680E-04    0.128266730248659798E+03    0.168554552868145002E+02    0.832820615805364040E+00    0.597808775688819849E+00   -0.122957853989114452E+01    0.437102466571880086E+02
    0.753308905175081080E-04    0.128186819648134303E+03    0.286558550435502184E+02    0.242502993982723208E+00    0.911041971772677761E+00   -0.263423979538410524E+01    0.403192934300394690E+01
    0.750000630291681412E-04    0.128145622306923940E+03    0.336330040714793910E+02    0.234494795921286692E+00    0.938030063774970002E+00   -0.261518261646222872E+01    0.203115512800457552E+02
    0.765270901327700433E-04    0.128055310619714390E+03    0.158795881933332321E+02    0.610083329659729778E+00    0.614083664902321802E+00   -0.917131156543111725E+00    0.579015995911919390E+02
    0.871760097520970860E-04    0.127744741863690990E+03    0.316834701891635717E+02    0.312831900075992264E+00    0.108300282472713816E+01   -0.437670363376312022E+01    0.102590549635098380E+02
    0.881695534371860964E-04    0.127672076806187775E+03    0.131532598544769677E+02    0.302829488665702362E+00    0.102590731131015356E+01   -0.281141144971182966E+01    0.572283613447871264E+01
    0.895577263724664036E-04    0.127590833405238286E+03    0.172369210995350635E+02    0.230789608066059942E+00    0.816342797328091230E+00   -0.174747742540350326E+01    0.487617602087830875E+02
    0.118345206797477748E-03    0.126983388544959098E+03    0.121159779240290320E+02    0.342859251095533668E+00    0.918781257662178441E+00   -0.210079307920537461E+01    0.230060679836540061E+02
    0.121470600829932818E-03    0.126881255684726483E+03    0.191856748490273432E+02    0.305636786176345321E+00    0.937338333536506640E+00   -0.273251206913365152E+01    0.256888476986656222E+01
    0.135827723242701770E-03    0.126607825531015322E+03    0.164594036403710007E+02    0.597152980947010859E+00    0.594149239352668057E+00   -0.719794133313083062E+00    0.522265858990587049E+02
    0.148485072105859029E-03    0.126379631357473343E+03    0.264132049642621780E+02    0.326169575079346852E+00    0.826267298561698671E+00   -0.193869222537779073E+01    0.371510050767443190E+02
    0.162667440378967741E-03    0.126147184467570042E+03    0.312201529964571733E+02    0.426425296600260073E+00    0.861812700443854385E+00   -0.272494575729842703E+01    0.328685233282340903E+02
    0.161741230652462430E-03    0.126108604781832511E+03    0.324291625166560422E+02    0.513089767278501196E+00    0.979723631568800046E+00   -0.386322112363599413E+01    0.204744319638111634E+02
    0.175786110739575537E-03    0.125892064262577776E+03    0.371800135705682209E+02    0.340334292180461573E+00    0.929023056799926472E+00   -0.335453326529370210E+01    0.208249434587618154E+02
    0.190694472071343158E-03    0.125679255165531316E+03    0.173540052921959180E+02    0.507222870150061178E+00    0.113069988283365008E+01   -0.455418784030230039E+01    0.195862594446278955E+02
    0.280314545400292840E-03    0.124858775516606201E+03    0.167393098860404095E+02    0.229427674821256700E+00    0.712977973009688570E+00   -0.791901615101300749E+00    0.366888824112700220E+02
    0.341155828510219790E-03    0.124415921518762701E+03    0.333439746090772147E+02    0.456687691961122910E+00    0.837890579408232528E+00   -0.271914822980796211E+01    0.182172832008083603E+02
    0.341685555264634069E-03    0.124362818444618313E+03    0.247435523846060264E+02    0.308557068863226480E+00    0.718305581178833474E+00   -0.141476348699178556E+01    0.501992291127199124E+02
    0.355489713723041508E-03    0.124233607586474278E+03    0.163956946772952037E+02    0.239298207656665596E+00    0.803006711356814895E+00   -0.120885509125345170E+01    0.366753596230731915E+02
    0.355327075971284285E-03    0.124184522802642235E+03    0.263656876631035573E+02    0.350957043773365729E+00    0.999791055496379699E+00   -0.309254227615032828E+01    0.925777943522981062E+01
    0.370148748684490049E-03    0.124052790318133489E+03    0.139713285279522239E+02    0.310319474493281122E+00    0.100925703870786876E+01   -0.292658056511326992E+01    0.316594350776931677E+02
    0.379424899244020235E-03    0.123953286848179786E+03    0.370701798139352547E+02    0.328335222658413972E+00    0.953185991943753530E+00   -0.344663172551065511E+01    0.268009759468860906E+02
    0.372769458136122797E-03    0.123938679907064028E+03    0.240218548583002587E+02    0.347879478230718908E+00    0.110519169112473170E+01   -0.433864937714202625E+01    0.769025859450380000E+01
    0.383092805858667852E-03    0.123834045669224622E+03    0.292254270654316599E+02    0.252413181329342706E+00    0.790345574102091719E+00   -0.178957019730049827E+01    0.254424600410653952E+02
    0.378855749230005284E-03    0.123806289167292306E+03    0.182010310736005074E+02    0.839180663802778448E+00    0.688170292217063051E+00   -0.175113364905512214E+01    0.164537749544551062E+02
    0.374406265403664140E-03    0.123779917256810180E+03    0.253487021156404637E+02    0.200789348889097830E+00    0.853011811905287298E+00   -0.217851640046497685E+01    0.527636150974784712E+02
    0.379619557034208566E-03    0.123702261043733969E+03    0.183827124977759624E+02    0.391275640935880353E+00    0.724599111798554074E+00   -0.137160945077138829E+01    0.174677111469234667E+02
    0.428087786377048720E-03    0.123411943648958555E+03    0.233455670085231901E+02    0.288021359749011052E+00    0.133148432446751297E+01   -0.490597339534481947E+01    0.344360968992567251E+01
    0.428294069523781984E-03    0.123360980138817368E+03    0.208934373408138612E+02    0.591061833337267140E+00    0.837893975755821363E+00   -0.283705805537313527E+01    0.180481253665534247E+02
    0.434298493552596966E-03    0.123283136073062664E+03    0.353006501079631647E+02    0.382868880082257557E+00    0.115436312738973212E+01   -0.470756085933480595E+01    0.828508475640592579E+01
    0.456088815824229245E-03    0.123135225090587198E+03    0.180979168024511523E+02    0.698565795444179405E+00    0.750434476371245163E+00   -0.191771174911689091E+01    0.101526122433266224E+02
    0.479735090741717810E-03    0.122984132100245375E+03    0.207161636369787345E+02    0.484533104851742114E+00    0.658326342736064385E+00   -0.115096469401530399E+01    0.374000342350055703E+02
    0.538050378150401062E-03    0.122704695823848411E+03    0.210609885656765670E+02    0.209134580466110526E+00    0.775646074265719188E+00   -0.120430455233469180E+01    0.461201278836839990E+02
    0.563384653878923228E-03    0.122562674981454194E+03    0.231583109615671319E+02    0.245104359624557067E+00    0.925327152872344461E+00   -0.218220892505388786E+01    0.213314306081619200E+02
    0.557733105390792591E-03    0.122532839130362945E+03    0.179363524720708440E+02    0.364050403650795329E+00    0.105609500019380120E+01   -0.362153525745767091E+01    0.313484826370190675E+02
    0.548382679094881059E-03    0.122516653489268450E+03    0.161398927743831031E+02    0.496172083830259625E+00    0.680110960702094869E+00   -0.108914843585309007E+01    0.423572598703462759E+02
    0.537818422691065654E-03    0.122505558216968282E+03    0.384774363791186929E+02    0.337935021667940094E+00    0.108741554974540211E+01   -0.451133955204123449E+01    0.192290733585313944E+02
    0.569345349236954424E-03    0.122341625833424018E+03    0.213599584387414794E+02    0.287373263435137638E+00    0.118479784097694352E+01   -0.426032516036357034E+01    0.289570719954678317E+02
    0.577784893292719549E-03    0.122262196929830068E+03    0.326109409378626580E+02    0.417789664617364387E+00    0.954700059644135068E+00   -0.359934688587499663E+01    0.212805053256198384E+02
    0.576395183275091555E-03    0.122217013199725670E+03    0.389189373247046433E+02    0.289546281091431545E+00    0.110074709930196657E+01   -0.432485489839643300E+01    0.210692410161103787E+02
    0.588501374290375341E-03    0.122125441690892899E+03    0.328282596382883156E+02    0.328169175322448992E+00    0.978178819375466357E+00   -0.357814237947902747E+01    0.257946201775025301E+02
    0.577257299827800140E-03    0.122114024026726639E+03    0.155074765160753572E+02    0.412995647569117719E+00    0.830199483131586202E+00   -0.190471744399198206E+01    0.904097126867485201E+01
    0.595133705711174579E-03    0.122003028023209964E+03    0.267662908497058254E+02    0.344012715398528568E+00    0.970647222878738170E+00   -0.291486279875415999E+01    0.176573097867269979E+02
    0.619774101187769121E-03    0.121871890097326599E+03    0.315355542309784695E+02    0.251655861442915518E+00    0.885496967614027519E+00   -0.247580570292236857E+01    0.204328093054435556E+02
    0.623960836400935283E-03    0.121808425006330040E+03    0.278444543241202211E+02    0.299759944262897760E+00    0.873435142044672208E+00   -0.239072156461489982E+01    0.141833688926142738E+02
    0.712856548852028055E-03    0.121492039801941274E+03    0.351962853804620863E+02    0.289394554795059156E+00    0.104686187231842487E+01   -0.404236733528104253E+01    0.189716589196676964E+02
    0.782097121173044516E-03    0.121256642357359468E+03    0.164398285295239788E+02    0.593565987911105375E+00    0.925734778125390623E+00   -0.327552806359377247E+01    0.173031111041071348E+02
    0.827316829552076803E-03    0.121094224757307302E+03    0.176978926407327641E+02    0.604645878077849641E+00    0.883361752106225029E+00   -0.274755584030955990E+01    0.219499262846523777E+02
    0.857979952395114304E-03    0.120971438747357396E+03    0.167262291393242855E+02    0.309760894131658415E+00    0.110263796683727966E+01   -0.327731891078487170E+01    0.444997958476864852E+01
    0.875482257912570333E-03    0.120881050441915107E+03    0.363002297971733583E+02    0.228778722179569100E+00    0.107731613247330271E+01   -0.387636083390133024E+01    0.134529649095381227E+02
    0.872084230397098502E-03    0.120838828187301431E+03    0.159188032108900650E+02    0.458652500773941707E+00    0.859382115541063918E+00   -0.236046100817677829E+01    0.923184837532277314E+01
    0.935640143623062506E-03    0.120648138333549710E+03    0.255410922796691082E+02    0.257677395841254764E+00    0.994166125957911428E+00   -0.306452470673384436E+01    0.631329466105100945E+01
    0.109665497509973519E-02    0.120280560426711261E+03    0.395892558671122146E+02    0.219892031522525538E+00    0.113350622728323325E+01   -0.451170829789469963E+01    0.203030550047539649E+02
    0.107275866630826989E-02    0.120274622609914061E+03    0.144192325766137142E+02    0.593895720931475135E+00    0.709555109785522720E+00   -0.139970906380131321E+01    0.258661443745299522E+02
    0.107338778197738505E-02    0.120223450060505556E+03    0.137112520059379666E+02    0.456030311790442122E+00    0.948389959197180277E+00   -0.252461224974862919E+01    0.104740291918836697E+02
    0.104782766094872574E-02    0.120221651403376242E+03    0.137655008562584271E+02    0.455746283307334910E+00    0.817176761832122178E+00   -0.179511585521466288E+01    0.185391881487171517E+02
    0.110359219238961100E-02    0.120067948679485738E+03    0.307142699564423509E+02    0.221633991364528465E+00    0.895116633016378227E+00   -0.247250195772899106E+01    0.234027944959269618E+02
    0.116491566852382341E-02    0.119909792263080661E+03    0.178546376875505111E+02    0.335065207510640617E+00    0.772707545618853353E+00   -0.157613575907346148E+01    0.464973126378986024E+02
    0.138327803506398572E-02    0.119516177516563488E+03    0.185540172810829738E+02    0.342629156039363725E+00    0.892271488667421120E+00   -0.207232301688802067E+01    0.220256053883653173E+02
    0.138740236473477215E-02    0.119460223264001769E+03    0.182991040749882679E+02    0.306406393043817948E+00    0.985004710600420497E+00   -0.290319689032634498E+01    0.530737456859462498E+01
    0.142416065370395864E-02    0.119357924406332245E+03    0.248092309816724423E+02    0.301910801645919824E+00    0.809100585073082801E+00   -0.184586943061128683E+01    0.344570315080326779E+02
    0.146068879513886222E-02    0.119257273452888185E+03    0.263728430507410962E+02    0.468105077972827022E+00    0.947101163558665582E+00   -0.332833487817919238E+01    0.825934863830356747E+01
    0.150638437311517953E-02    0.119145665007519881E+03    0.220780138106166994E+02    0.272259153251583341E+00    0.111677203510690681E+01   -0.408169232557483497E+01    0.291748738582136866E+02
    0.148630313240904490E-02    0.119122505821425605E+03    0.154778540370137954E+02    0.266546221343477163E+00    0.974487891821299135E+00   -0.265348017512315870E+01    0.346909459975230874E+02
    0.155654204424406496E-02    0.118980156211655071E+03    0.202394716633070360E+02    0.515014881129638447E+00    0.811002058965508144E+00   -0.210508593109366471E+01    0.140335040392594408E+02
    0.153313077245711363E-02    0.118960465854447293E+03    0.139866129470449145E+02    0.369617450750780230E+00    0.969692118683736948E+00   -0.248285076895268286E+01    0.151276580198333797E+02
    0.160799283905106618E-02    0.118815116221968566E+03    0.200233556377319424E+02    0.392463759855976424E+00    0.117477023092623001E+01   -0.417930784914333131E+01    0.362617969421690312E+01
    0.183109272132069316E-02    0.118505263848556169E+03    0.156010388705001848E+02    0.273778538457449760E+00    0.846201627049160909E+00   -0.168280567178711205E+01    0.347837386008443019E+02
    0.195671880618298460E-02    0.118322551672951121E+03    0.239912890461386468E+02    0.344778062955226172E+00    0.887883857129212251E+00   -0.253856029402961658E+01    0.360328606643251490E+02
    0.200199956149049252E-02    0.118226796733094801E+03    0.149208051494630496E+02    0.463230033272894803E+00    0.880921447298795068E+00   -0.220224018531551602E+01    0.218706405274011360E+02
    0.218516212608298134E-02    0.118001709606058952E+03    0.312099889569972930E+02    0.272689831021836859E+00    0.108208180753446781E+01   -0.410395333057904121E+01    0.245399407885550467E+02
    0.213942467789551187E-02    0.117994015755240682E+03    0.244851529780343817E+02    0.215316524875564241E+00    0.931231860351122709E+00   -0.249214077440454140E+01    0.134310874045218700E+02
    0.212263927852842336E-02    0.117959769142634556E+03    0.306995908176093266E+02    0.316619175361518679E+00    0.116377562317033489E+01   -0.466512008984769011E+01    0.728591956557933074E+01
    0.243394877280760872E-02    0.117636059761131023E+03    0.338057531083125582E+02    0.228102553990276569E+00    0.107286548659000758E+01   -0.378517223308474371E+01    0.179880776860587055E+02
    0.272466478675875744E-02    0.117360398843779635E+03    0.308126381500143864E+02    0.203895801540349725E+00    0.105607927909934718E+01   -0.340483030794546115E+01    0.206311968754155757E+02
    0.273989372327272575E-02    0.117299251391767385E+03    0.241198808065115387E+02    0.456697912522115557E+00    0.112370404158453541E+01   -0.440120560262239024E+01    0.162006738259971605E+02
    0.268596216451232874E-02    0.117289011633171796E+03    0.285346068820205758E+02    0.456409026406252583E+00    0.102099244752864271E+01   -0.390230361270877468E+01    0.101233106128040049E+02
    0.263740627782393803E-02    0.117275497729416401E+03    0.141412134649485637E+02    0.528187247064336174E+00    0.837302057329465721E+00   -0.222751479044659373E+01    0.215117808651472515E+02
    0.257528785047979498E-02    0.117273167027885108E+03    0.170248618989636640E+02    0.587267794970700474E+00    0.997035574363573485E+00   -0.328811002105027583E+01    0.805262989555065900E+01
    0.254556491175316228E-02    0.117246384467558116E+03    0.259408885063322217E+02    0.344582009239908393E+00    0.990797950130428040E+00   -0.343465592629639360E+01    0.280780216047116795E+02
    0.268012300795142811E-02    0.117093364272891776E+03    0.209763324411229988E+02    0.259151919913812367E+00    0.864345366059925180E+00   -0.219049644886155459E+01    0.273575478620246919E+02
    0.262118408138798786E-02    0.117087837346529000E+03    0.283263245550457654E+02    0.469471058207741654E+00    0.108695592109264227E+01   -0.453313489328463426E+01    0.141289626618784574E+02
    0.277599089501289267E-02    0.116923074131320007E+03    0.177979001098016099E+02    0.600925133958230107E+00    0.794043949634851920E+00   -0.215186881614471215E+01    0.238291184747855525E+02
    0.328347716818194919E-02    0.116537283710560445E+03    0.193840965862645263E+02    0.308863007902112408E+00    0.104132188480829013E+01   -0.320844714314271950E+01    0.586292351467263018E+01
    0.321110370246737364E-02    0.116531860235630560E+03    0.149743395400033066E+02    0.443778888579363207E+00    0.858933520478244450E+00   -0.224803049133640398E+01    0.232827949204984854E+02
    0.313830043879207137E-02    0.116527726873101216E+03    0.239485754334147813E+02    0.439400109263257399E+00    0.118414129513006605E+01   -0.470207457563081910E+01    0.137912160908566399E+02
    0.315252435976422826E-02    0.116468682624903522E+03    0.190873074975198058E+02    0.300763551893798609E+00    0.803602000544737072E+00   -0.164942524420010539E+01    0.345767709832389869E+02
    0.325341403917538650E-02    0.116355679819663820E+03    0.171494539812149895E+02    0.203266865169314498E+00    0.930774125751057113E+00   -0.206936142379618815E+01    0.354366196935273265E+02
    0.338928568292474336E-02    0.116223851284433977E+03    0.211191399042805621E+02    0.455463871941301279E+00    0.100658532075337237E+01   -0.340138228213713978E+01    0.199183042898116867E+02
    0.340361209199741780E-02    0.116165415161419205E+03    0.193740372885605225E+02    0.664272820203508085E+00    0.832176745850924382E+00   -0.269002710951199120E+01    0.100857766471781360E+02
    0.332704547869326021E-02    0.116160920323763207E+03    0.187813550618675258E+02    0.453267824277140408E+00    0.856768894248546964E+00   -0.240338205267288485E+01    0.306652495054624552E+02
    0.347166711082210746E-02    0.116025819828845258E+03    0.169765576217918444E+02    0.516805163877740448E+00    0.796306169846247802E+00   -0.194471166978348320E+01    0.245022023693618358E+02
    0.350266644007936898E-02    0.115958040619878886E+03    0.314436096762306008E+02    0.373757375017097437E+00    0.116732127139889763E+01   -0.483104479976602974E+01    0.125415090246398346E+02
    0.357547700104664419E-02    0.115866892468586187E+03    0.169098469942967036E+02    0.199478547585599825E+00    0.908909258828996203E+00   -0.193758847109574917E+01    0.322973453978280602E+02
    0.351404886017542360E-02    0.115851551868608126E+03    0.160857295157827380E+02    0.212850344819947079E+00    0.976317791846127991E+00   -0.230053299537781841E+01    0.278765242561018951E+02
    0.342763755895778921E-02    0.115851347125702333E+03    0.179810423592330224E+02    0.531497909761628362E+00    0.112912592443297943E+01   -0.434412721673128477E+01    0.322740986258329698E+01
    0.356518578894102168E-02    0.115722657322372783E+03    0.205660240880120639E+02    0.228934772359395244E+00    0.105213131811852656E+01   -0.292712739447166070E+01    0.236996181421744012E+02
    0.355679137905544514E-02    0.115677371975944325E+03    0.146213335331661405E+02    0.323464187162118888E+00    0.960718054516140341E+00   -0.253994604510699240E+01    0.213746110943979772E+02
    0.358718969025169365E-02    0.115610351497101774E+03    0.233647946781134230E+02    0.211243949122740027E+00    0.899720048860366384E+00   -0.216333559895948380E+01    0.280601626284758225E+02
    0.377807508202802206E-02    0.115456660372074793E+03    0.152893620650991657E+02    0.430809622011652515E+00    0.915029255714261747E+00   -0.240539606999904487E+01    0.194841157200810109E+02
    0.389595320456358933E-02    0.115345212907691035E+03    0.230839155718058286E+02    0.517298517570294769E+00    0.932057762684891267E+00   -0.320832648617456240E+01    0.104234184335890063E+02
    0.383109496234173511E-02    0.115328788350240629E+03    0.225506610398196656E+02    0.252939788144792455E+00    0.892883088891809451E+00   -0.219636704742041200E+01    0.302178474868541045E+02
    0.375019586288121137E-02    0.115321473519369306E+03    0.197803696196629488E+02    0.286095467052086383E+00    0.893994165423816156E+00   -0.238025797197905886E+01    0.344974593699533045E+02
    0.406082661110707122E-02    0.115112316553439257E+03    0.222173054561579804E+02    0.513722398871296559E+00    0.884823567841066305E+00   -0.286092102899282974E+01    0.209273514491752053E+02
    0.470506341293760750E-02    0.114767811155363688E+03    0.259427894358172466E+02    0.275894728452618143E+00    0.107739135206418291E+01   -0.353626301328470349E+01    0.162659353126042490E+02
    0.485279061140890793E-02    0.114655981810258879E+03    0.219191502168115626E+02    0.396335518009216015E+00    0.101448500575656686E+01   -0.352672360584322053E+01    0.883336719666017345E+01
    0.479330524158989163E-02    0.114630649250766638E+03    0.203265845502280342E+02    0.240929949316602970E+00    0.937798592620010418E+00   -0.252642072959092845E+01    0.166517016725927469E+02
    0.474217754282777338E-02    0.114602096801934493E+03    0.196574376159488722E+02    0.269877934866233626E+00    0.112418292448486268E+01   -0.392114733622468670E+01    0.988197710069431778E+01
    0.498032392534978208E-02    0.114454099788465030E+03    0.151503946067362065E+02    0.423695123710404298E+00    0.107012104396218999E+01   -0.344397039769057134E+01    0.178147807474222191E+02
    0.511845469167340836E-02    0.114349384505884089E+03    0.222170054051422277E+02    0.260100742235588545E+00    0.105777817926767681E+01   -0.315320940439449293E+01    0.188994806363518109E+02
    0.502466824211822687E-02    0.114336370796216158E+03    0.206625539399456422E+02    0.249742378483835487E+00    0.114873372501248405E+01   -0.366177922152827229E+01    0.219283651335002787E+02
    0.538672446092569330E-02    0.114147214669810324E+03    0.189656290506752896E+02    0.374146152165904633E+00    0.856035523752789018E+00   -0.214583273960194276E+01    0.271601056931238602E+02
    0.574849542307888026E-02    0.113967213346774656E+03    0.217336121217760407E+02    0.248604606015907004E+00    0.990826249083453070E+00   -0.305909273383603342E+01    0.280371117223191533E+02
    0.560839424842980282E-02    0.113966560760136389E+03    0.256773854648658713E+02    0.231942665597330233E+00    0.107747220106626673E+01   -0.343955253418903517E+01    0.148485377726334420E+02
    0.568428106229202246E-02    0.113889680342833955E+03    0.258942884181381920E+02    0.287654319513879153E+00    0.963732040352550778E+00   -0.299441133279190552E+01    0.234350243064288009E+02
    0.556041737851600392E-02    0.113883743309762508E+03    0.164796132972275018E+02    0.221301882827569268E+00    0.103623985591603684E+01   -0.276911386082718858E+01    0.150204121135420614E+02
    0.553493754784509847E-02    0.113842929090886443E+03    0.255270536366462473E+02    0.446033311221829043E+00    0.108494016043126629E+01   -0.416268093688209007E+01    0.101738856803113151E+02
    0.559565953710772310E-02    0.113771107227709578E+03    0.198503124732422869E+02    0.538333250457777246E+00    0.118915456976349199E+01   -0.473279297799391685E+01    0.571208991134997390E+01
    0.549292858346888627E-02    0.113758166550999533E+03    0.188188000373200452E+02    0.271050643699855931E+00    0.896445477380257261E+00   -0.213462901286387741E+01    0.260663064158643465E+02
    0.549084922322080980E-02    0.113708923798755080E+03    0.163654349199279423E+02    0.370928562957362151E+00    0.921174317507852392E+00   -0.246129262123606773E+01    0.255203975875612450E+02
    0.547345965171233337E-02    0.113665267868878502E+03    0.242700910624434414E+02    0.304546530729862819E+00    0.106835982242196859E+01   -0.350314517999242536E+01    0.175737048505599631E+02
    0.542128857938093452E-02    0.113634422591873644E+03    0.211733235165613323E+02    0.628998171461266020E+00    0.110819385237077772E+01   -0.467014578377175393E+01    0.783944673269736647E+01
    0.538695991558131668E-02    0.113597127251375767E+03    0.212706938557719241E+02    0.376327317646090065E+00    0.936274593294973645E+00   -0.278102450689205494E+01    0.248699404881000490E+02
    0.535036521949436641E-02    0.113560760009001399E+03    0.162413028594157645E+02    0.404968704426596882E+00    0.975188435426895150E+00   -0.298781360043028910E+01    0.233682306190732056E+02
    0.562797557068969723E-02    0.113409590059670890E+03    0.159283632015932390E+02    0.495214444021666034E+00    0.111781619217945893E+01   -0.426223524004268750E+01    0.991026001338581786E+01
    0.549575279897182144E-02    0.113407138505698427E+03    0.197510240858459483E+02    0.665273511829687747E+00    0.101256672141071902E+01   -0.402577506482198899E+01    0.821528572576418270E+01
    0.538733702921677469E-02    0.113396987246459403E+03    0.179039997544274172E+02    0.309977895534792491E+00    0.957621768186609379E+00   -0.263311418070288239E+01    0.139979004174887702E+02
    0.547338705876189002E-02    0.113315294394489896E+03    0.260586397743046945E+02    0.343995705605664892E+00    0.103768405645710904E+01   -0.370320539207225563E+01    0.150064637555114722E+02
    0.541253699238860349E-02    0.113287653800955965E+03    0.201423066499516565E+02    0.261770647729331563E+00    0.987980771605206365E+00   -0.275358439339515293E+01    0.140080431335485791E+02
    0.548250509314484723E-02    0.113211965396226049E+03    0.211015168888771356E+02    0.380429258077655541E+00    0.110780551359268076E+01   -0.403123726827148054E+01    0.655111801976384100E+01
    0.549330818838970284E-02    0.113158028339916385E+03    0.251111862604969573E+02    0.315247739025872553E+00    0.978488827298269692E+00   -0.314797976094928167E+01    0.198000020289719316E+02
    0.537531179089629097E-02    0.113151456496929441E+03    0.185681664284577934E+02    0.422191347943067674E+00    0.117035020032777037E+01   -0.437366019170055775E+01    0.468177898567922846E+01
    0.534885590123456486E-02    0.113111324281205043E+03    0.159361321168482668E+02    0.364522717823408338E+00    0.943510709646302681E+00   -0.262788613994421949E+01    0.215195146025966935E+02
    0.538449287080551998E-02    0.113048043393280807E+03    0.173779045090745257E+02    0.371824144766594866E+00    0.975218205739793675E+00   -0.300716234827280893E+01    0.239456369690821731E+02
    0.527156506205329368E-02    0.113040435068436565E+03    0.197661381380542878E+02    0.267199631837624796E+00    0.968927652966319330E+00   -0.263889364643306035E+01    0.156005685596846284E+02
    0.514423034439787877E-02    0.113039338126468806E+03    0.208659726812669852E+02    0.276597526529951898E+00    0.910467473852355269E+00   -0.235300043072086940E+01    0.254936916999093697E+02
    0.516326228443680663E-02    0.112981952446031229E+03    0.192816884522119025E+02    0.315153400989553911E+00    0.989455736572496969E+00   -0.287013386780193569E+01    0.123436295568051122E+02
    0.561176246888500738E-02    0.112765359985266215E+03    0.177110702890837501E+02    0.370385520127284762E+00    0.921770600615453350E+00   -0.253251602219259553E+01    0.163558834779463673E+02
    0.551810216905408279E-02    0.112749021674371690E+03    0.215925125176205590E+02    0.330671910784690937E+00    0.945975869332630670E+00   -0.279368475461147447E+01    0.163805960705196121E+02
    0.549489564156862165E-02    0.112707450464509449E+03    0.199068348849278642E+02    0.560913338798401884E+00    0.101985849526540995E+01   -0.391158985375110690E+01    0.104388840457806573E+02
    0.538887402626822380E-02    0.112696416731626712E+03    0.263375222746414366E+02    0.202770890802587700E+00    0.105716491259422196E+01   -0.332441002112022410E+01    0.232669375092530366E+02
    0.566486980198885933E-02    0.112546521834136215E+03    0.221639478781378187E+02    0.217869542678479133E+00    0.113586361570595940E+01   -0.355028908175299085E+01    0.145061510536306386E+02
    0.569764549871005360E-02    0.112484983618606009E+03    0.187047609238736037E+02    0.237183703328634587E+00    0.115743310265254817E+01   -0.388838916086075237E+01    0.867681938473394965E+01
    0.561734870772979782E-02    0.112463370072006725E+03    0.180156021195703460E+02    0.535909209135023712E+00    0.101536120232251070E+01   -0.349969441072856169E+01    0.124974872981003173E+02
    0.578353874221468247E-02    0.112355058187849650E+03    0.258377503754527815E+02    0.356163255640897847E+00    0.114097398641057857E+01   -0.446375922054863494E+01    0.110083905918260445E+02
    0.568535067393621980E-02    0.112339304038069741E+03    0.191754788120244442E+02    0.280123932254164043E+00    0.101683883216886373E+01   -0.296728771580096495E+01    0.271904062309292129E+02
    0.554879171445038250E-02    0.112337929266912894E+03    0.176429946021533937E+02    0.392929122227742733E+00    0.121992347169231752E+01   -0.477074820271322331E+01    0.162122442457566294E+02
    0.554530742007061390E-02    0.112289185536377275E+03    0.193363361970997545E+02    0.325590238092492157E+00    0.112432245207316850E+01   -0.386237419559338946E+01    0.226764310699130220E+02
    0.547133327684475469E-02    0.112266044996379478E+03    0.169535183841763626E+02    0.272957716641251347E+00    0.113464073016863898E+01   -0.383002482282444223E+01    0.178230325969918830E+02
    0.539159415080487769E-02    0.112245407452790317E+03    0.166616595645723393E+02    0.398573821310461596E+00    0.101561037003399135E+01   -0.330952129273562257E+01    0.188218496152446910E+02
    0.580353481960410676E-02    0.112048155289673346E+03    0.244658187365377628E+02    0.260642148501422533E+00    0.105021765095584985E+01   -0.348615244128189739E+01    0.152379399918714373E+02
    0.572977515451742522E-02    0.112023737076994536E+03    0.232213737532781153E+02    0.203833159989391194E+00    0.994009344245187276E+00   -0.287326722726347317E+01    0.300925579433334320E+02
    0.586821547020272005E-02    0.111925988498535972E+03    0.241873288011601204E+02    0.243067771837320146E+00    0.111433122887451286E+01   -0.383480035544079678E+01    0.113635541824117325E+02
    0.578750167411073903E-02    0.111903688239458361E+03    0.171201719447697798E+02    0.215967324122353671E+00    0.112052840552193955E+01   -0.323200357257192650E+01    0.159903161663552353E+02
    0.610733361484972620E-02    0.111746109094769935E+03    0.215788330314292480E+02    0.341557905474933532E+00    0.119589357583602873E+01   -0.429838303322910775E+01    0.101248348281223226E+02
    0.599138130589566692E-02    0.111734445681751907E+03    0.192978124410314287E+02    0.370114779232506186E+00    0.101296898064243113E+01   -0.324066325182581716E+01    0.228433979219074317E+02
    0.593471083378669610E-02    0.111703453047445322E+03    0.198755198044430337E+02    0.365704289378654623E+00    0.103511103840680563E+01   -0.346091340649001289E+01    0.227792362314581212E+02
    0.589325130907336538E-02    0.111667473956207644E+03    0.221840204144380095E+02    0.217818431347323094E+00    0.111425263972862432E+01   -0.376267750194601236E+01    0.129961385226857900E+02
    0.589193413630961609E-02    0.111617921016722832E+03    0.159024026185741754E+02    0.207708754293597031E+00    0.122471351493158198E+01   -0.386667560328373172E+01    0.200312207289415767E+02
    0.583425096400491498E-02    0.111587597880799649E+03    0.218081599733005191E+02    0.205490859694696576E+00    0.101751141265191780E+01   -0.288842147939313154E+01    0.277850802908374916E+02
    0.571407567070955635E-02    0.111579224563294943E+03    0.211594520040561527E+02    0.292777734068099704E+00    0.112814890306221982E+01   -0.371153376974908067E+01    0.169761456986617816E+02
    0.597370251909389114E-02    0.111440355811568026E+03    0.258308522592886973E+02    0.219074420259859542E+00    0.113721613289677226E+01   -0.399444585581646727E+01    0.242900589183034441E+02
    0.590488505431679359E-02    0.111413529689535110E+03    0.257430181109895742E+02    0.250422116434651842E+00    0.107944418014583765E+01   -0.364457737946084892E+01    0.203607137315796578E+02
    0.577394596034922370E-02    0.111408378212687296E+03    0.198455747169826076E+02    0.252675859285553583E+00    0.102879656146410015E+01   -0.309165205146129018E+01    0.144176791943562748E+02
    0.572010861814090370E-02    0.111377114068015601E+03    0.160689358168335232E+02    0.213388844880780776E+00    0.119799494286585539E+01   -0.373985949468814205E+01    0.126148098872869845E+02
    0.563554588813245001E-02    0.111356901622094639E+03    0.161848009436537303E+02    0.355917943474281018E+00    0.118197136368115996E+01   -0.406791300953727131E+01    0.789126631676904466E+01
    0.556920215267953621E-02    0.111330586049637546E+03    0.172531836149405926E+02    0.377477233190970152E+00    0.100892515163508145E+01   -0.313406189023873560E+01    0.212719843459725269E+02
    0.544338909581052258E-02    0.111326285931929206E+03    0.185785942206633266E+02    0.251599998737147001E+00    0.109727544429428248E+01   -0.343893845036061485E+01    0.264284921299282551E+02
    0.535937418326366127E-02    0.111307395233984764E+03    0.239201176031821241E+02    0.221416920396227318E+00    0.116070878573728509E+01   -0.389052729339000880E+01    0.132100878319215962E+02
    0.549598575614767756E-02    0.111207053730328369E+03    0.177570737891987598E+02    0.385832497069190261E+00    0.979869379461965839E+00   -0.292756512562999305E+01    0.150685766488638482E+02
    0.541929203346554981E-02    0.111185159285233269E+03    0.172883066870877968E+02    0.298856600913343318E+00    0.998847877540112949E+00   -0.288592182372474459E+01    0.187863691018161170E+02
    0.544182696792852843E-02    0.111126859968451242E+03    0.244814049880550044E+02    0.391267923933684314E+00    0.117457294782388511E+01   -0.470081813353173317E+01    0.137106365857144912E+02
    0.543341263444883840E-02    0.111079954828138511E+03    0.244551314314015116E+02    0.207114923780889526E+00    0.105402369382895644E+01   -0.334211040994686526E+01    0.256372910462075154E+02
    0.552929504661562547E-02    0.110994968998008957E+03    0.206394982725407665E+02    0.263387818236181792E+00    0.103785314954594599E+01   -0.307442786210329322E+01    0.193465847058917610E+02
    0.542057617943349397E-02    0.110984685424869369E+03    0.270321087081979812E+02    0.231116058643482059E+00    0.122252775154986115E+01   -0.476280352252770278E+01    0.186354134363770392E+02
    0.530866752815846617E-02    0.110976407921914600E+03    0.174326918097295867E+02    0.377648906383633576E+00    0.998811987284237812E+00   -0.306649247354046572E+01    0.139470817039109498E+02
    0.519480656701367706E-02    0.110969770878000560E+03    0.167195702302281468E+02    0.259256182847007410E+00    0.121112155865795912E+01   -0.424172946175209820E+01    0.136074545963785809E+02
    0.548198055635159935E-02    0.110812156754693902E+03    0.188399148615298841E+02    0.238012280420020095E+00    0.109401530444314599E+01   -0.339210696078022966E+01    0.121793405199263418E+02
    0.540347942636984144E-02    0.110791003488229123E+03    0.178206545481656562E+02    0.284645928160578043E+00    0.102057722668950368E+01   -0.292182054496982868E+01    0.195314607679182686E+02
    0.541172646021272161E-02    0.110737953325142868E+03    0.153115994284396102E+02    0.361859953467599305E+00    0.119674163821239388E+01   -0.422440139122488922E+01    0.142217908419392156E+02
    0.529419717586608694E-02    0.110731866960270864E+03    0.231993237149587586E+02    0.243803855644397771E+00    0.122693229961434191E+01   -0.435939711414593400E+01    0.176157884004216960E+02
    0.521351601504244783E-02    0.110712580682642013E+03    0.215411857058980374E+02    0.245871404471466687E+00    0.116464269635569773E+01   -0.383764948448892973E+01    0.171746921621338160E+02
    0.512809722217940061E-02    0.110695620299765366E+03    0.174395572624216619E+02    0.568926328478986609E+00    0.111450310302282207E+01   -0.430942077812197066E+01    0.833196581375078615E+01
    0.508223791153225926E-02    0.110663586260109213E+03    0.185543275757932662E+02    0.422591774350739080E+00    0.122964271204308351E+01   -0.495313465369272876E+01    0.135291805283884123E+02
    0.501847661943199443E-02    0.110638836806039166E+03    0.194116862767901210E+02    0.254331588873592529E+00    0.116475514499792610E+01   -0.377753664494095043E+01    0.194365770357362564E+02
    0.494070341855447261E-02    0.110620074229843524E+03    0.203148638105249404E+02    0.303926304051193696E+00    0.121115990226112902E+01   -0.427877881899164159E+01    0.862460322599149265E+01
    0.491232469947663463E-02    0.110581595072861859E+03    0.197767908508669521E+02    0.409850617883205037E+00    0.114953781176900027E+01   -0.415050153732832072E+01    0.959462376831198327E+01
    0.490595262382093056E-02    0.110534191078796709E+03    0.180120643100640123E+02    0.348396655514071063E+00    0.109072873004084925E+01   -0.375545058294533174E+01    0.188959051494731227E+02
    0.480737189919033196E-02    0.110524788552626305E+03    0.243883067007861385E+02    0.293986830600138194E+00    0.125187008208194039E+01   -0.476639793858200012E+01    0.136133367496895801E+02
    0.477402211643467023E-02    0.110488711335629020E+03    0.222863067215055430E+02    0.450782921417587856E+00    0.120465258938107778E+01   -0.498612818549320558E+01    0.110855990533594309E+02
    0.468178042702124386E-02    0.110477732715394538E+03    0.270324758663096176E+02    0.200610049576092186E+00    0.120046057102863846E+01   -0.444950706008787122E+01    0.209180636908380073E+02
    0.457052753110112273E-02    0.110475832393318328E+03    0.197954359813338101E+02    0.376739477671783785E+00    0.126791247257928164E+01   -0.499696435698964514E+01    0.563356956164920142E+01
    0.459071995088693955E-02    0.110417015929174269E+03    0.189140442889316560E+02    0.215750826861836720E+00    0.103691436635456502E+01   -0.290771116092284920E+01    0.233329920259049359E+02
    0.448235746584677627E-02    0.110414791400655858E+03    0.239484195009041159E+02    0.370852740200808773E+00    0.116235873434306503E+01   -0.455010599556685591E+01    0.113576728588877227E+02
    0.439022414038812460E-02    0.110406329091169908E+03    0.157968462474291318E+02    0.257165927750127088E+00    0.128681335712248091E+01   -0.444282269580783407E+01    0.164455431216058443E+02
    0.429639498670923454E-02    0.110399537065044171E+03    0.202387887476011343E+02    0.433702090448885746E+00    0.115459013147807799E+01   -0.435089314012307948E+01    0.126639818555103503E+02
    0.427638904984801050E-02    0.110358871709702512E+03    0.251060911988797990E+02    0.326261581124098365E+00    0.121744589321153596E+01   -0.490785848852872242E+01    0.132120067851487768E+02
    0.420228932045669645E-02    0.110343830750632563E+03    0.172732770224164831E+02    0.309892724101185235E+00    0.107499615416757477E+01   -0.342182796321299865E+01    0.212293440671925602E+02
    0.411447670711531134E-02    0.110336066339054511E+03    0.180622841914542676E+02    0.253267356730669191E+00    0.116315455226353004E+01   -0.390923369345424154E+01    0.108282767875499424E+02
    0.402840403699226621E-02    0.110328349102960814E+03    0.166705733170418888E+02    0.199065549464397779E+00    0.114910553484597555E+01   -0.356278710488309613E+01    0.186586065361794482E+02
    0.400306879903076802E-02    0.110290967123348793E+03    0.209600734661286197E+02    0.323149613104081690E+00    0.110937535498165052E+01   -0.397146802956528111E+01    0.195722843633255899E+02
    0.397303548825627371E-02    0.110256028838509252E+03    0.212126067494423971E+02    0.218459508703901767E+00    0.109804622549991460E+01   -0.357364201865528797E+01    0.150313456755558619E+02
    0.408249182913972622E-02    0.110151674567959333E+03    0.200456272226464023E+02    0.386089598767230480E+00    0.117592953534115141E+01   -0.442165230544713062E+01    0.157836009830488457E+02
    0.404744418409022470E-02    0.110118918424297419E+03    0.229940492846501243E+02    0.324474372175043546E+00    0.109663806030671629E+01   -0.383014801131300375E+01    0.168733797974533815E+02
    0.395371921693488029E-02    0.110115776237173463E+03    0.225472105786217085E+02    0.364140459402129357E+00    0.120167286908821658E+01   -0.455961892805865965E+01    0.113934500157462413E+02
    0.389543148742494240E-02    0.110095480750781817E+03    0.228077933699322344E+02    0.264581365247113842E+00    0.110966966121006894E+01   -0.368252267252518584E+01    0.177470571634472662E+02
    0.390701491344094647E-02    0.110039542390462060E+03    0.194475835208630699E+02    0.450004625869662278E+00    0.115506650774196395E+01   -0.438289857481583667E+01    0.123584201903743924E+02
    0.390686856258169474E-02    0.109989617308835108E+03    0.183007693731847567E+02    0.286680974234298058E+00    0.110774766924451384E+01   -0.348140629728130691E+01    0.134538747520598445E+02
    0.401163895305128686E-02    0.109886689908232768E+03    0.206703221178023497E+02    0.333729979237915864E+00    0.123126955266821980E+01   -0.463948343807495966E+01    0.730913756303343387E+01
    0.391366426044498488E-02    0.109886141484500627E+03    0.228738716884997189E+02    0.239159178431008257E+00    0.109110806580658548E+01   -0.360656411595740467E+01    0.159100058063682521E+02
    0.396650791181429613E-02    0.109809317479975832E+03    0.170281580848890783E+02    0.388849688735726617E+00    0.127580076415595212E+01   -0.490899712135599309E+01    0.131126450493834295E+02
    0.408596325517766087E-02    0.109699974649817619E+03    0.224491963719878456E+02    0.238121872197484014E+00    0.115827484377554168E+01   -0.407739821319457008E+01    0.125259383394344059E+02
    0.407498088641931530E-02    0.109655357544344213E+03    0.187778525352204895E+02    0.226817939880750857E+00    0.119733539786616938E+01   -0.387448960248152030E+01    0.185685856899511421E+02
    0.399712288304333429E-02    0.109643940010658753E+03    0.197461036090385207E+02    0.294954077811109383E+00    0.118564246375254645E+01   -0.411308410907715238E+01    0.951831254451932729E+01
    0.394543824909667981E-02    0.109619969581037012E+03    0.175486406142864624E+02    0.241284712949424024E+00    0.112556806396235509E+01   -0.360974714425523535E+01    0.210666624791208363E+02
    0.392831717371061075E-02    0.109578667388601957E+03    0.212140375571964412E+02    0.294587441672851891E+00    0.110251896891048373E+01   -0.364648669625012900E+01    0.167501946442373040E+02
    0.414205625996373096E-02    0.109422704965444112E+03    0.178030561876749331E+02    0.379725434455729816E+00    0.121679233542664655E+01   -0.444791174861134042E+01    0.127752071992798548E+02
    0.405863758387186441E-02    0.109413394963164635E+03    0.185699222105749300E+02    0.286161976772213444E+00    0.113887053242361902E+01   -0.374338505620071338E+01    0.115967237657773570E+02
    0.397405899435194186E-02    0.109405513678608457E+03    0.213681920093479683E+02    0.237626431364517360E+00    0.126878733158227841E+01   -0.460751356849523308E+01    0.845356486403488105E+01
    0.392965218272140881E-02    0.109377987819128933E+03    0.182147755864322001E+02    0.249830676555440057E+00    0.114260655986043824E+01   -0.379046361826455636E+01    0.142128914224436862E+02
    0.399208784953217211E-02    0.109296460927603519E+03    0.212851674081802003E+02    0.354026311839049035E+00    0.124241219909550460E+01   -0.472962491500351234E+01    0.956183153732112423E+01
    0.389362098748616920E-02    0.109296410517259687E+03    0.175442754217398864E+02    0.219128802765120034E+00    0.124815247618665381E+01   -0.410216894256433307E+01    0.126018663891787455E+02
    0.384862861355498307E-02    0.109269655895664457E+03    0.177380405044388638E+02    0.358928320171239656E+00    0.110408224881181960E+01   -0.380214247366785862E+01    0.164746848355668405E+02
    0.377373185933897954E-02    0.109258960866884379E+03    0.204730819136019164E+02    0.262606493951309750E+00    0.106548266680826642E+01   -0.333057721828776465E+01    0.194822434070640575E+02
    0.375349671352652415E-02    0.109219713931899733E+03    0.159228601873497571E+02    0.264266735809065678E+00    0.131839673879198505E+01   -0.472102237859599327E+01    0.146705047513634987E+02
    0.371493661160676421E-02    0.109190366426410193E+03    0.183805034903996471E+02    0.239723732314583687E+00    0.136431862015199168E+01   -0.495096921728627670E+01    0.809059146258110928E+01
    0.366516574253912195E-02    0.109167342542043983E+03    0.201769733755983580E+02    0.244527937223825598E+00    0.133147215272186492E+01   -0.482745198037541634E+01    0.135074233091745253E+02
    0.385032240005176189E-02    0.109018775886675655E+03    0.198635952337428208E+02    0.203016459710457758E+00    0.134286654735496769E+01   -0.482401418130028770E+01    0.181384408862784667E+02
    0.381717001874342559E-02    0.108986071026256198E+03    0.180664007735922745E+02    0.210841710474469174E+00    0.123679681230635552E+01   -0.416869065470855649E+01    0.107803315605695786E+02
    0.373139721920194263E-02    0.108981524150583496E+03    0.190974932276677976E+02    0.269318437381550091E+00    0.112611812884541140E+01   -0.364484071367986306E+01    0.193286250307635541E+02
    0.366194420407355654E-02    0.108969101237462283E+03    0.202504834043755118E+02    0.203808728557685781E+00    0.134149624078359597E+01   -0.474794798187368539E+01    0.140253133151878959E+02
    0.361310238504842238E-02    0.108945956077361970E+03    0.224405467871438944E+02    0.340352869293375326E+00    0.116523926572934355E+01   -0.433777958274624620E+01    0.125486892289558156E+02
    0.356244661595219022E-02    0.108924194535836136E+03    0.193708863649724670E+02    0.339993988970811900E+00    0.126201867390979827E+01   -0.471983067339628004E+01    0.816584754766754983E+01
    0.352839062215400123E-02    0.108893405951648020E+03    0.223946820745461110E+02    0.328637838272631433E+00    0.120661111142651967E+01   -0.453962888493363881E+01    0.136590254946748093E+02
    0.350176563861286658E-02    0.108858555037870985E+03    0.255437730938126961E+02    0.216245651097209446E+00    0.122611759932395081E+01   -0.458087715025367714E+01    0.169810435661827519E+02
    0.343245515641118397E-02    0.108848538068480934E+03    0.208586728795178189E+02    0.237606903810980624E+00    0.126060052019025970E+01   -0.443198540810649178E+01    0.156114250021851486E+02
    0.582217008913295253E-02    0.107791535208227870E+03    0.192651400658582972E+02    0.285288916908747914E+00    0.121873972533705688E+01   -0.447389480345001544E+01    0.162103728225390569E+02
    0.531550219058506829E-02    0.107973626342097859E+03    0.213851395347117403E+02    0.229720552367972092E+00    0.115437081888522819E+01   -0.395450711170323599E+01    0.174781104016501132E+02
    0.997394256170102203E-02    0.106714929431207011E+03    0.192189379970809320E+02    0.222462102344951590E+00    0.127621971064189421E+01   -0.462232926157113866E+01    0.139049321632480218E+02
    0.571850438704207993E-02    0.107827466727005302E+03    0.181472348877172891E+02    0.287179559351478708E+00    0.120891120292961451E+01   -0.432662630619953337E+01    0.149736600586713280E+02
    0.351652893480865853E-02    0.108799932517756673E+03    0.204504284566175265E+02    0.223826267018788744E+00    0.114527930992485372E+01   -0.370551062084276328E+01    0.207638699320008406E+02
    0.346283769257387615E-02    0.108830704537218040E+03    0.207105982222121767E+02    0.246654240973955691E+00    0.114710649999070902E+01   -0.376363963832638859E+01    0.161696550581533600E+02
    0.369002894522114976E-02    0.108703612723306051E+03    0.206320883772606791E+02    0.257080027469381300E+00    0.116620469270454352E+01   -0.402256117059265250E+01    0.206890524011869346E+02
    0.375354166031613683E-02    0.108669481653760457E+03    0.176805553542442553E+02    0.261834994064476190E+00    0.119392526520908038E+01   -0.394848147516759607E+01    0.135103810209148012E+02
    0.838750811337426148E-02    0.107061394388586777E+03    0.213067772991700330E+02    0.208338967887750276E+00    0.127121490798146741E+01   -0.464320491802825686E+01    0.124770606008790530E+02
    0.360856904100184889E-02    0.108748258715359384E+03    0.189557619178797978E+02    0.425091911391134059E+00    0.122213321141447517E+01   -0.472538156207148496E+01    0.102228268464497241E+02
    0.518455253973699407E-02    0.108023514249881032E+03    0.200692970012086320E+02    0.266048683209572701E+00    0.117967265390047493E+01   -0.402584865114420243E+01    0.155882607700039806E+02
    0.403620143567437993E-02    0.108524273305862280E+03    0.227300686220270691E+02    0.281914399003760696E+00    0.119624854884413567E+01   -0.442009976228155033E+01    0.170598073410055413E+02
    0.640515079426087503E-02    0.107600676371252746E+03    0.202045176882367130E+02    0.266198415197631488E+00    0.117479555475319630E+01   -0.411830299957297896E+01    0.147371458352862952E+02
    0.394689654140567732E-02    0.108569022159055805E+03    0.206075590427335023E+02    0.211314890163148333E+00    0.115131955655701268E+01   -0.385803861118513902E+01    0.154854905212976384E+02
    0.364554949593101250E-02    0.108727867112935485E+03    0.231301618104883921E+02    0.233245909780702643E+00    0.113828723703840895E+01   -0.391243993642467558E+01    0.184570680392049731E+02
    0.356067300587219367E-02    0.108774982180635746E+03    0.238337176943015834E+02    0.220939418653963687E+00    0.116757555235887223E+01   -0.413163585265789557E+01    0.164018146635109261E+02
    0.432117413052682513E-02    0.108387827018212633E+03    0.180900754185777686E+02    0.340361550535399848E+00    0.122587359986309008E+01   -0.449157026357094047E+01    0.906633691818082355E+01
    0.346919311888045298E-02    0.108827037255141448E+03    0.203499586076253252E+02    0.256408265422030546E+00    0.108903963312919339E+01   -0.347856168997372084E+01    0.200446119024727558E+02
    0.432190432630318380E-02    0.108387489085018217E+03    0.207121848506524628E+02    0.344349183900763411E+00    0.115683788127641041E+01   -0.421530996744884057E+01    0.119728637534919162E+02
    0.559710139626353950E-02    0.107870383615964414E+03    0.186737135269272017E+02    0.227806153363747710E+00    0.116396721648993329E+01   -0.381232944199263457E+01    0.185795834641856032E+02
    0.507270082733411558E-02    0.108067134561164607E+03    0.180669774826731455E+02    0.222296372525612185E+00    0.133215856616455208E+01   -0.467853626881595730E+01    0.137476932460173593E+02
    0.706410483681789176E-02    0.107404828719434789E+03    0.216032070773513496E+02    0.284539776348775475E+00    0.123253795644877151E+01   -0.459069801896174745E+01    0.142968090308996221E+02
    0.559161976812364014E-02    0.107872343313948832E+03    0.189381176155643658E+02    0.367061848828186155E+00    0.124435972735366129E+01   -0.473813281905312955E+01    0.915314337062591576E+01
    0.781376090718931618E-02    0.107203108531496540E+03    0.184661678133216967E+02    0.235972954659675438E+00    0.127829550562856964E+01   -0.460182004656287447E+01    0.173265043192296773E+02
    0.568108268165954007E-02    0.107840597672742234E+03    0.206649409065617604E+02    0.265309230320669553E+00    0.116173482917964765E+01   -0.406974086027900661E+01    0.173678772362077716E+02
    0.562341981146795289E-02    0.107861001355378733E+03    0.226635755724649002E+02    0.199675615721796540E+00    0.123359704733499842E+01   -0.436490093686417069E+01    0.193814329293353111E+02
    0.424479095071285655E-02    0.108423496182722829E+03    0.228104156531464142E+02    0.208014566663527356E+00    0.122983181658274443E+01   -0.450039253517294391E+01    0.132304022508618182E+02
    0.351146157509493176E-02    0.108802816619882151E+03    0.202400883474887046E+02    0.300472937288613517E+00    0.111343428680084600E+01   -0.375233168762847402E+01    0.135002452922148866E+02
    0.385995698436564618E-02    0.108613569248880296E+03    0.162860433146536039E+02    0.257583535703056643E+00    0.135493188090723726E+01   -0.489920081776649941E+01    0.133355874495997604E+02
    0.384600582987458485E-02    0.108620811001829210E+03    0.186688557817712351E+02    0.362821331867387242E+00    0.122369239386982231E+01   -0.472231193333044619E+01    0.136744846212852664E+02
    0.379028890868898837E-02    0.108649996837026976E+03    0.189352849735470770E+02    0.318274173884042333E+00    0.113980882061903643E+01   -0.390552845143217198E+01    0.118010601813051732E+02
    0.610246776021900091E-02    0.107697494847363714E+03    0.237742120287276819E+02    0.198453778561028749E+00    0.123113032323721772E+01   -0.448234384519462825E+01    0.169355426085934866E+02
    0.371315782278678133E-02    0.108691115968305468E+03    0.212536225946548569E+02    0.259525550802287730E+00    0.113507279733039335E+01   -0.387292879658986866E+01    0.139488291955406325E+02
    0.656882859957728937E-02    0.107550210285307955E+03    0.186152452708992371E+02    0.215952163223008253E+00    0.121027991077671282E+01   -0.401602504105963831E+01    0.164302512365348043E+02
    0.350465852315496543E-02    0.108806695147602170E+03    0.181336856927955985E+02    0.309200283299027212E+00    0.122475734046528806E+01   -0.441414474345388630E+01    0.895959656729021958E+01
    0.427475593857338555E-02    0.108409427307082495E+03    0.229959302636631335E+02    0.230904730552877135E+00    0.116911146573898916E+01   -0.412569208875845561E+01    0.192262480691456723E+02
    0.366102048304243165E-02    0.108719397469709207E+03    0.229097915726648154E+02    0.268138554754825009E+00    0.120066801843535820E+01   -0.442820109035994403E+01    0.118989385881278196E+02
    0.444038561923739729E-02    0.108333398880111361E+03    0.217366473764359895E+02    0.262995503382480178E+00    0.122122830438612362E+01   -0.451440355309190977E+01    0.111739774611114413E+02
    0.436507699438032620E-02    0.108367609671477553E+03    0.184949564682414724E+02    0.242919775489763817E+00    0.125553298642216160E+01   -0.438332740610222515E+01    0.183665105663025265E+02
    0.422680607021519699E-02    0.108431988044397755E+03    0.214285697379539535E+02    0.281185018651632146E+00    0.125397186327301102E+01   -0.486719636388812038E+01    0.123711899328961366E+02
