    0.306789921396542616E-85    0.509151006972884204E+03    0.179275750185423732E+03    0.165608389712323750E+00    0.516424742338177367E+00   -0.170034493355146621E+01    0.139833681081026668E+03
    0.100916959430431037E-81    0.492904056675770903E+03    0.205378065814531141E+03    0.437041668808882011E+00    0.208368335160066781E+00    0.348279642811140189E+01    0.117869049356719344E+03
    0.964214219753639311E-76    0.465314174756271882E+03    0.146541888149966191E+02    0.118299531489834364E+01    0.381991035040540494E+00    0.613506731614048895E+00    0.133474244033300465E+03
    0.312016821270260214E-73    0.453705176976109556E+03    0.268020452915141789E+03    0.320067226956224582E+00    0.218192360864319673E+00    0.208554023443988790E+01    0.367024490826530496E+03
    0.106772888439488691E-72    0.451194712910015369E+03    0.167209318647618346E+03    0.717438228551608548E+00    0.290465649158809847E+00    0.773282257971272591E+00    0.191109957109117374E+03
    0.107497059222350770E-71    0.446526023823256423E+03    0.365137474705573766E+02    0.672760112082136263E+00    0.417750308995907760E+00    0.124046048625230121E+01    0.693684189430495906E+02
    0.483004272233329907E-57    0.378998517204033874E+03    0.301899341969505421E+02    0.813348916771407970E+00    0.152421779997097440E+00    0.396783486881347258E+01    0.244745961267684834E+03
    0.127115385727695091E-56    0.377013207569650433E+03    0.161746079073965376E+03    0.329548403782414401E+00    0.776488361663328464E+00   -0.401312802155366999E+01    0.175282361981331121E+03
    0.329757887855992746E-48    0.338215319103721129E+03    0.179978683749807715E+03    0.470289873768343025E+00    0.187559134189404481E+00    0.376210843634778680E+01    0.615548795962187967E+02
    0.490421086966179953E-44    0.318950827017381243E+03    0.202750587347361204E+02    0.559479180994573166E+00    0.516782544995861515E+00    0.123963225704784713E+00    0.139044664733807451E+03
    0.265738358382068319E-42    0.310915990992626746E+03    0.161877582726103782E+03    0.888940792964450832E+00    0.549996245959871954E+00   -0.154012943415594461E+01    0.259937326730535645E+02
    0.714194412027527663E-41    0.304283534803799682E+03    0.198110643711501098E+03    0.597742861048888852E+00    0.553064289110367646E+00   -0.993653448114142357E+00    0.348559130670978448E+02
    0.292216172274322302E-39    0.296810517165127237E+03    0.953056367303351806E+02    0.226676256441581764E+00    0.655653647827710739E+00   -0.257947660960000569E+01    0.120527582045147568E+03
    0.121762721432016654E-37    0.289301015992601776E+03    0.107757828972866079E+03    0.164783258666297450E+00    0.333629920269407299E+00    0.357855553005199112E+00    0.212526729965175036E+03
    0.128486897234763964E-37    0.289143510617722825E+03    0.860858635214349377E+01    0.225791118414733677E+00    0.286366310970947280E+00    0.298191343336417658E+01    0.280640643402566241E+03
    0.566466660251686338E-37    0.286126328028752539E+03    0.127207109295280787E+03    0.484473771329796465E+00    0.339761171442748144E+00    0.196704111891814670E+01    0.506119245669745652E+02
    0.285122572055748811E-34    0.273633815593540874E+03    0.188353966472063973E+03    0.463964661751459007E+00    0.275988176153198650E+00    0.199406735835098292E+01    0.355785120969394370E+03
    0.253386664129378761E-33    0.269214650460439714E+03    0.608627322894286067E+02    0.743656592728013210E+00    0.366975927610032060E+00    0.804794643323348380E+00    0.181252891781397011E+03
    0.404523331690330104E-33    0.268229064907639156E+03    0.739092717855257177E+02    0.866026455517131311E+00    0.425282021336550631E+00    0.131229145903026700E+01    0.316574393802541110E+01
    0.190429211827655406E-31    0.260475582297870233E+03    0.900265579100068010E+02    0.693883838370395023E+00    0.164457691308978748E+00    0.387826371187032848E+01    0.384193159055658100E+02
    0.191378161409964981E-31    0.260415640619392434E+03    0.127426879246840159E+03    0.373056494157028962E+00    0.160256092128963246E+00    0.386381247463128918E+01    0.762356964107175088E+02
    0.170532557809126794E-30    0.255991120713216986E+03    0.104939713370636241E+03    0.424283140816703930E+00    0.324950708608712835E+00    0.234299875261531731E+01    0.270577069870606053E+02
    0.555488819455154480E-30    0.253579276216222041E+03    0.231699079535763488E+02    0.180144453037646063E+00    0.354286708115011839E+00    0.276964524069319928E+01    0.112279510113466046E+03
    0.945109334923080560E-29    0.247861201755736346E+03    0.230883334070248509E+03    0.895190958661280844E+00    0.210940952482599919E+00    0.250943158522984922E+01    0.193494952002893626E+03
    0.418649956960674270E-28    0.244834562516322450E+03    0.846579832233462923E+02    0.243910444392700959E+00    0.199345096079672185E+00    0.381097729445944822E+01    0.624625823105929854E+02
    0.643380291896814310E-28    0.243925160841707850E+03    0.115936342956099580E+03    0.189164930870930614E+00    0.420280872660797222E+00    0.116614756227092764E+01    0.627366106395100118E+02
    0.279568053098977689E-27    0.240936971132967358E+03    0.458582192749941697E+02    0.208454871611888970E+00    0.211323743914099055E+00    0.368709047767656184E+01    0.440720184924698444E+01
    0.875102124241832547E-27    0.238604781436092424E+03    0.492660152169854229E+02    0.104682773146089403E+01    0.115706820332148949E+00    0.396276671638956746E+01    0.149118738990673165E+03
    0.373168001390945502E-26    0.235654234987806319E+03    0.447693186706994908E+02    0.617648980085873101E+00    0.462687890861078033E+00    0.399497912327213323E+00    0.562495490951848041E+02
    0.452395409846603124E-26    0.235219179240111430E+03    0.911624759564812877E+02    0.828099512546347172E+00    0.311474143298082817E+00    0.541525738256161793E+00    0.633707532603987858E+02
    0.231943085858740683E-25    0.231900138206056710E+03    0.181367973291784708E+02    0.823529146213220375E+00    0.415949107518540029E+00    0.284102123746693191E+00    0.222348301190953578E+03
    0.366796944085137635E-25    0.230933505431921191E+03    0.761963154097608992E+02    0.217186873680487530E+00    0.283349944271266863E+00    0.181835630566722117E+01    0.119187146864594155E+03
    0.150930880282429508E-24    0.228054308092974793E+03    0.448200812044691759E+02    0.134633886818126491E+01    0.369795802463222578E+00    0.293866163857886775E+00    0.850041099415358659E+01
    0.268676512627721272E-24    0.226850935862731433E+03    0.897695868693698031E+02    0.641997719501343767E+00    0.473987853759874622E+00   -0.467815567620943007E+00    0.918042991023559694E+02
    0.611885126252675427E-24    0.225154862938675791E+03    0.439299702839690269E+02    0.187936589294423084E+00    0.296815715400677194E+00    0.292807416225907424E+01    0.783646471026173117E+02
    0.956898244603300575E-24    0.224210557947417868E+03    0.744348887953569260E+02    0.188419809391531745E+00    0.324510615138267733E+00    0.146657481373899867E+01    0.161791818805948878E+03
    0.299781050458803087E-23    0.221876677125282157E+03    0.155931205221907248E+03    0.478375753109648638E+00    0.275641482879256772E+00    0.140031221722265919E+01    0.826895078383878115E+02
    0.578312693854405377E-23    0.220512552447640417E+03    0.106671934925455687E+03    0.657029403276617852E+00    0.355805371857763231E+00    0.548598431210064352E+00    0.117831135635940612E+03
    0.579938941630698466E-23    0.220456936228176119E+03    0.605697758153737311E+02    0.671522761380606403E+00    0.402909980397859191E+00    0.191381025446566294E+00    0.205266169808248549E+03
    0.605447362253708693E-23    0.220320846625032488E+03    0.756506982138956801E+02    0.701218705250373553E+00    0.147710577693407313E+00    0.350743266961604938E+01    0.285706903778051924E+03
    0.996583765041473318E-23    0.219274115487334996E+03    0.509724215281035953E+02    0.994035119302144832E+00    0.192867906963767488E+00    0.285963478594774667E+01    0.296726511550299620E+03
    0.170673480082738221E-22    0.218148107176216087E+03    0.121610317217443608E+03    0.446088016070017912E+00    0.417889653970833774E+00    0.110541823376930463E-02    0.159878169532160221E+02
    0.495590932719211867E-22    0.215966109984034546E+03    0.283296521896446620E+02    0.299316078607315794E+00    0.242732855274309017E+00    0.241060961321265710E+01    0.384798652327609432E+02
    0.665270032199878141E-22    0.215327225648698999E+03    0.121356090461268408E+03    0.523651125847443888E+00    0.328524689661614633E+00    0.849075404191428351E+00    0.254748708050060600E+03
    0.402300586543739819E-21    0.211678042432235316E+03    0.180299585649431606E+03    0.251089305822323083E+00    0.399598924499793950E+00   -0.435095520577163997E+00    0.103331499691185371E+03
    0.718563436303588876E-21    0.210467933523024072E+03    0.370763261363721170E+02    0.399268292942333347E+00    0.252554709477745665E+00    0.211967861012898684E+01    0.176788691919811697E+03
    0.105863163806577815E-20    0.209642976614732305E+03    0.855015762717232946E+02    0.240216165074400356E+00    0.457225827518434047E+00    0.232431210711167430E+00    0.165792423652323976E+03
    0.116195608657192589E-20    0.209406721215193528E+03    0.133562160876061711E+02    0.214955177054000746E+00    0.286052934303242412E+00    0.209841905322049183E+01    0.154820413375750434E+03
    0.307949922190236573E-20    0.207407396961182741E+03    0.419836249953068545E+02    0.469861896251962396E+00    0.498386852977702244E+00   -0.359321909688166630E+00    0.202259011473575526E+03
    0.411385801098868110E-20    0.206778208394091649E+03    0.828130742469247991E+02    0.199353728131025476E+00    0.299118539038731812E+00    0.137325355163042784E+01    0.902104080441510519E+02
    0.491928846805611433E-20    0.206370603148668579E+03    0.194220070846156574E+02    0.112610368947397843E+01    0.131453122302360836E+00    0.387738069108498973E+01    0.110230324115660622E+03
    0.945208559457930465E-20    0.205014460118143262E+03    0.717264511805623641E+02    0.416835691505118733E+00    0.599967618903987421E+00   -0.145431074459021215E+01    0.124625178873133137E+03
    0.135647860882459281E-19    0.204241976594936091E+03    0.197510532490328572E+02    0.999200075212236305E+00    0.168229424943702022E+00    0.311380558393435969E+01    0.100718976562100337E+03
    0.139890153544893311E-19    0.204130386139921683E+03    0.787203277462245694E+02    0.335221413818738490E+00    0.240968151394348962E+00    0.197738566844924768E+01    0.206102201624634063E+03
    0.700700939730420702E-19    0.200857938781107464E+03    0.150859403223557091E+02    0.921950291725010640E+00    0.204318984405373605E+00    0.275304458807734598E+01    0.197257092198053613E+03
    0.736947894856848347E-19    0.200707066752686501E+03    0.442052630045332080E+02    0.245061653371223098E+00    0.400982842888496338E+00    0.110893322802578728E+00    0.296310174493299996E+03
    0.403721683306635005E-18    0.197255479472427766E+03    0.701540955543615610E+02    0.646737432839523230E+00    0.518825290687044305E+00   -0.880732100310477328E+00    0.623923398073695523E+01
    0.609398958206537235E-18    0.196381984634111348E+03    0.409176294973123049E+02    0.247818588011622987E+00    0.266703261942245196E+00    0.183185621964711776E+01    0.631235139300565464E+02
    0.658630608397722443E-18    0.196176605260520887E+03    0.166989710341922290E+03    0.423029462491900710E+00    0.390103312193047835E+00   -0.901450037998992142E-02    0.285148685546973638E+03
    0.216491024629437822E-17    0.193746662582331794E+03    0.116254244712911206E+02    0.352875506992073429E+00    0.517423986496337918E+00    0.527893251790320983E+00    0.133287114858665063E+03
    0.297576086292442505E-17    0.193060420873083956E+03    0.151445578245785612E+03    0.348934566071442076E+00    0.462839484378500587E+00   -0.889281742937143571E+00    0.328910178135354045E+03
    0.317784574616428495E-17    0.192879013332340179E+03    0.175642266130273839E+03    0.380277784654155238E+00    0.758042280780307332E+00   -0.400607877929517642E+01    0.425481056158765085E+02
    0.428630183100833318E-17    0.192230571755943515E+03    0.249285328596330871E+02    0.502546848294778803E+00    0.334420354330606406E+00    0.125249821573057130E+01    0.694363029050427087E+02
    0.814369391392872312E-17    0.190896932640449450E+03    0.107233238757739585E+03    0.196236888905118284E+00    0.295468498997682572E+00    0.126666342450506475E+01    0.296473918609936504E+03
    0.105327948256477570E-16    0.190332432977227057E+03    0.251326096009780684E+03    0.267325876444058474E+00    0.579107936300341963E+00   -0.190753707675048378E+01    0.152098874135547078E+03
    0.364870875846964915E-16    0.187797503523775930E+03    0.280841832288569755E+02    0.385710164078650275E+00    0.509711794094876769E+00   -0.509359567732804108E+00    0.307930085038635184E+03
    0.432222128193822863E-16    0.187408711292696523E+03    0.420579928489356121E+02    0.495774856103668726E+00    0.254320146910258504E+00    0.183901018483167400E+01    0.324823364590159088E+03
    0.671092671706680662E-16    0.186478776101593326E+03    0.736791604586423290E+02    0.367727560358539096E+00    0.528572737008589977E+00   -0.626724053387174074E+00    0.263037404641810753E+02
    0.766199013802454035E-16    0.186163706685880925E+03    0.109126811219140976E+03    0.427119695633917940E+00    0.528683319121831863E+00   -0.982536489109756772E+00    0.771985091096892830E+02
    0.857151424461446533E-16    0.185889361387536269E+03    0.270578309333167226E+03    0.262746038518936131E+00    0.709281494351700625E+00   -0.309247606214533066E+01    0.769856313197577151E+02
    0.138511374472711621E-15    0.184879515493344115E+03    0.162310615601216568E+03    0.244162857672147626E+00    0.714649417500190065E+00   -0.321644170657597517E+01    0.100903904731444243E+03
    0.323593097990554616E-15    0.183132446677914686E+03    0.135160993155541718E+03    0.398422950716428803E+00    0.479697846112876691E+00   -0.868193291084112251E+00    0.208146081168546061E+03
    0.337826813686362138E-15    0.182996353632917305E+03    0.792272952552800547E+02    0.730321267697727317E+00    0.314648976753206577E+00    0.585069702399033442E+00    0.782430982119512066E+02
    0.418649924177611148E-15    0.182517350255090520E+03    0.128961522551258298E+03    0.254860193102998955E+00    0.402150157139420872E+00    0.500295346093725390E-01    0.111031568591349668E+03
    0.721768905548150247E-15    0.181378010365688709E+03    0.927903587421884737E+02    0.176683674272881452E+00    0.336081047903008412E+00    0.847795192658057140E+00    0.186759697107501154E+03
    0.146656974372312443E-14    0.179910057499709154E+03    0.186244174564814280E+02    0.313883677488188684E+00    0.196781786028779410E+00    0.268048033056518964E+01    0.120383838285590244E+03
    0.173616026433638649E-14    0.179522557971917365E+03    0.132306371378429219E+03    0.682994929998147371E+00    0.436959509503206611E+00   -0.113125550991950119E+01    0.237885421310646279E+03
    0.247060572781906081E-14    0.178766983123184190E+03    0.624708171579261915E+02    0.605915889824747644E+00    0.455774125756820858E+00   -0.899412227410906318E+00    0.209024578775640464E+02
    0.459392253405813069E-14    0.177476441348787546E+03    0.214067432147416952E+02    0.180370527817769882E+00    0.727050985344871226E+00   -0.127519576347514296E+01    0.136736599341662270E+03
    0.452386997259446401E-14    0.177457174199902141E+03    0.121741400487679474E+02    0.254718204208529586E+00    0.110912419113568927E+01   -0.391839060331268429E+01    0.441640828636263763E+02
    0.117822949503194097E-13    0.175492713878677080E+03    0.145535460505774580E+03    0.398217244897050682E+00    0.674776979008389621E+00   -0.297631238899640582E+01    0.866089150801280709E+02
    0.136802711499705675E-13    0.175144000366399297E+03    0.220304929472766219E+03    0.226038496933537864E+00    0.430494761289088479E+00   -0.565501058363734987E+00    0.155207932614827996E+03
    0.158678276035193130E-13    0.174797322555840537E+03    0.130471229696374650E+03    0.560711514220548213E+00    0.343739897861506938E+00    0.381002411697080740E-01    0.238115329753799472E+03
    0.213734542365875402E-13    0.174151610440621994E+03    0.268222400887430936E+02    0.263357468900502767E+00    0.219135457498809444E+00    0.231475906406942755E+01    0.179066042960003017E+03
    0.336573137080521111E-13    0.173193449074354390E+03    0.996475306905226716E+02    0.217183947022579399E+00    0.285364593552389023E+00    0.126696275001574321E+01    0.325285130582731597E+03
    0.591514840382928137E-13    0.172015706473174930E+03    0.900256755848978969E+02    0.539965957914168682E+00    0.501326533700886978E+00   -0.122163973832372585E+01    0.176970347995756185E+03
    0.579079483011244578E-13    0.172008200529173109E+03    0.267970695747107129E+03    0.209872876236671946E+00    0.355353027800325794E+00    0.793016787120127686E-01    0.824648376169886603E+02
    0.759330924279719694E-13    0.171416204652704636E+03    0.152693188895980398E+03    0.274781080295497526E+00    0.484198120755970851E+00   -0.102568605301312754E+01    0.125003484965300473E+03
    0.802197728310880374E-13    0.171256369775175784E+03    0.157414009826392544E+03    0.193301022084622409E+00    0.380039670349990144E+00    0.202532290195798180E-01    0.230207998525301377E+03
    0.788728326710332489E-13    0.171240236147279631E+03    0.393676938256155324E+02    0.681397973462223749E+00    0.377120718131141619E+00    0.330325031602845320E+00    0.343479909518795239E+02
    0.884707059707603339E-13    0.170960566849725382E+03    0.155000279191403081E+03    0.551916469201087168E+00    0.446051861423672757E+00   -0.105784034399872517E+01    0.201142281892146357E+02
    0.132881018670635815E-12    0.170097001569463515E+03    0.527970406157060381E+02    0.416972455110572071E+00    0.549204612373189294E+00   -0.750848548966162044E+00    0.865823626613667017E+02
    0.137362435129993023E-12    0.169980663943166178E+03    0.880450130520057428E+02    0.743281877805118785E+00    0.358782015804929688E+00   -0.222511111038410703E+00    0.215311949959289279E+03
    0.326312159596321033E-12    0.168200200896229518E+03    0.103307830355325123E+03    0.454871591032947664E+00    0.522845697879553928E+00   -0.117620779868705916E+01    0.316714660105070500E+02
    0.343018976293863404E-12    0.168050338291988794E+03    0.839448769687965068E+02    0.314453024571587580E+00    0.386821246790710394E+00    0.122851387765634645E+00    0.411015671736244144E+03
    0.367955013793423538E-12    0.167859988461064148E+03    0.342719246909382349E+02    0.318022943720085161E+00    0.602235557406413657E+00   -0.136786733570780417E+01    0.177758820937171777E+03
    0.511683788016617269E-12    0.167150496166773650E+03    0.756904306602160233E+02    0.186816799926789512E+00    0.604645540834077511E+00   -0.112602155156858097E+01    0.118333294683416753E+03
    0.670040534980120530E-12    0.166561233411153211E+03    0.682888695088560524E+02    0.545109076541334447E+00    0.409610109710736525E+00   -0.715886527018288060E-01    0.152539937285450350E+03
    0.144127854820638432E-11    0.164979338073531778E+03    0.140348582524936916E+02    0.351377814980969927E+00    0.250100385160606675E+00    0.194769910593368056E+01    0.105264229365802379E+03
    0.174701162861523384E-11    0.164544585899312295E+03    0.164357752963753256E+03    0.367244788219525553E+00    0.385059784102271818E+00   -0.221507804194187641E+00    0.107160176671997846E+03
    0.298402816705103980E-11    0.163423851030925078E+03    0.961851438349093684E+02    0.343916361132014292E+00    0.406897311843965381E+00   -0.105461332181750203E+00    0.168804500009575520E+03
    0.303208012218266142E-11    0.163341901488333605E+03    0.510352075187265228E+02    0.261582092807899513E+00    0.475020416030702497E+00   -0.412685855146137370E+00    0.288047737234161787E+03
    0.409180839126069627E-11    0.162692425230663645E+03    0.127205045929692901E+03    0.251767933956823675E+00    0.528050947075169974E+00   -0.121818708434404765E+01    0.856247002984857488E+02
    0.446672959575095824E-11    0.162467086260658590E+03    0.860935223346499470E+02    0.252931294596652478E+00    0.513624889956735386E+00   -0.998658456845822329E+00    0.136617632436767195E+03
    0.468691323340825105E-11    0.162320850861062837E+03    0.436777524119985685E+02    0.378065915932475072E+00    0.437992320948881908E+00    0.816179462942790701E-01    0.453944894998041804E+02
    0.113225686375324356E-10    0.160506803357284866E+03    0.590612090354711370E+02    0.415167400495924988E+00    0.510201645124088832E+00   -0.665589336062257342E+00    0.404204746519234135E+02
    0.152156950864060717E-10    0.159865744341057365E+03    0.172563978382275678E+03    0.662988423661594273E+00    0.383124929363289290E+00   -0.578387714787323204E+00    0.101986223881081798E+03
    0.157976076254753583E-10    0.159740682249321139E+03    0.110250497505917110E+03    0.770543620024099374E+00    0.428113425473771347E+00   -0.750420334466590289E+00    0.110129260364236686E+03
    0.188619718357006928E-10    0.159336103628351822E+03    0.310015810181417244E+02    0.296601107520753193E+00    0.403278179935735837E+00    0.261885039667861752E+00    0.309802357035107434E+03
    0.237028572874534484E-10    0.158829208071186969E+03    0.988763343821588307E+02    0.991354235419505736E+00    0.430610515582896203E+00   -0.133884929945955888E+01    0.845130534253757730E+02
    0.242206505143700357E-10    0.158735988081587152E+03    0.464786243291555365E+02    0.486679922148142874E+00    0.360821942569957976E+00    0.532062987810726362E+00    0.197921839737958521E+03
    0.266513749721018106E-10    0.158494717788277882E+03    0.772981778748516462E+02    0.227312759327453096E+00    0.472694746900303442E+00   -0.383198088760149824E+00    0.117151579895145105E+03
    0.299214395725128423E-10    0.158213248742232707E+03    0.718052323282382758E+02    0.699337561796389395E+00    0.397505496329702890E+00   -0.245692481630257753E+00    0.394035287592314560E+02
    0.749675802483838681E-10    0.156326287760782151E+03    0.109867709825127307E+03    0.568379249787741347E+00    0.404481738043559746E+00   -0.422983164688798763E+00    0.237209278919829273E+03
    0.821738990117023771E-10    0.156092723831504600E+03    0.931699504517362556E+02    0.650980714025449880E+00    0.333253486299409207E+00    0.308251109489149966E+00    0.175834292436128351E+03
    0.883807035564715865E-10    0.155897091953728392E+03    0.833392133785789753E+02    0.526122111089722067E+00    0.712754962056364572E+00   -0.268903109946330154E+01    0.195459712482629655E+02
    0.152743031187458054E-09    0.154752885324898983E+03    0.898336338040919458E+02    0.353924148289944340E+00    0.308649934983905694E+00    0.842906297247706937E+00    0.281267282028137799E+03
    0.156825072634502939E-09    0.154650137279961314E+03    0.630575769319516297E+02    0.521068050830244545E+00    0.593015873876465593E+00   -0.168251100054723413E+01    0.847801725715533792E+02
    0.162303614251487027E-09    0.154531461787783229E+03    0.402926470687580149E+02    0.241531834443618670E+00    0.740126836237503860E+00   -0.168455147452275855E+01    0.561698844094069614E+02
    0.166874611754046027E-09    0.154425913869070939E+03    0.161629806998401335E+03    0.449083512403479379E+00    0.374149420596418314E+00   -0.208503762212548016E+00    0.170582203655690876E+03
    0.327392228090644791E-09    0.153028081421467476E+03    0.313773042119158596E+02    0.209282305923642442E+00    0.422688859347342683E+00    0.597099567600800740E+00    0.181157942582605358E+03
    0.349374746193659464E-09    0.152848109039337771E+03    0.576185006407690423E+02    0.235226802200852736E+00    0.314822016457582787E+00    0.837393477394204444E+00    0.277211594906212781E+03
    0.368171034873449577E-09    0.152693304076488971E+03    0.464342670016384318E+02    0.294153653089625267E+00    0.810295556150063212E+00   -0.251649462301624549E+01    0.436126994376000354E+02
    0.634195019419149211E-09    0.151555686256749453E+03    0.767320964640532850E+02    0.129631797875941812E+01    0.464418282191247089E+00   -0.163103555165757341E+01    0.448293161254046879E+02
    0.687933213867937543E-09    0.151343015753529329E+03    0.317198374642003706E+02    0.172755976813223938E+00    0.424286816945195322E+00    0.292676195832916597E+00    0.330243939275028708E+03
    0.859355312362180618E-09    0.150848034331557045E+03    0.479590394554568320E+02    0.240958679878696319E+00    0.452862010508583546E+00    0.100455255335789445E-01    0.212190162365540743E+03
    0.962816702028012949E-09    0.150570673168023802E+03    0.554361102216105479E+02    0.567508764522355769E+00    0.473113084458042343E+00   -0.772172851335982791E+00    0.346523708529559329E+02
    0.132528570119358973E-08    0.149881632596801040E+03    0.928144154464196447E+02    0.509472232808885206E+00    0.326648665509205516E+00    0.459678082672984545E+00    0.386895951552716724E+03
    0.166084976409131624E-08    0.149380229961338586E+03    0.499034599515455852E+02    0.669019444448550993E+00    0.393171537371130420E+00   -0.291354163337079752E-01    0.104103688529122579E+03
    0.164196783120513341E-08    0.149353097877052761E+03    0.113198836764722131E+03    0.736924661833859851E+00    0.380477772972721784E+00   -0.299649362327019664E+00    0.991193810721496078E+02
    0.164555211891314330E-08    0.149298736791270642E+03    0.284977710000800535E+02    0.199465280642927206E+00    0.382523897786885114E+00    0.629839940206724958E+00    0.182450417827841534E+03
    0.206886374541092623E-08    0.148790889633659816E+03    0.347453686720036359E+02    0.243718114257254453E+00    0.482184976421908995E+00   -0.159206817819168067E+00    0.279369374335698183E+03
    0.229763897669405020E-08    0.148531124588638733E+03    0.477054501731808642E+02    0.327854509713821685E+00    0.559609613954200613E+00   -0.844333668362219569E+00    0.302092758727682131E+02
    0.263493409750320928E-08    0.148207172373784573E+03    0.576505384419574227E+02    0.370592056069246389E+00    0.650765761643682161E+00   -0.199998099112176342E+01    0.963329122105903082E+02
    0.279859280847388471E-08    0.148036655271376958E+03    0.724284153000027402E+02    0.284587227481873095E+00    0.604568813759472468E+00   -0.141803787353546240E+01    0.724721099801617186E+02
    0.512894062630012905E-08    0.146775090451749350E+03    0.568971813141205587E+02    0.465387161069825306E+00    0.582655813884842888E+00   -0.164885811563277818E+01    0.937777977204519715E+02
    0.608328410293711587E-08    0.146383799318955710E+03    0.306094651011189853E+02    0.343162976003997588E+00    0.428893563353390850E+00    0.715442109719197361E-01    0.945623206822698705E+02
    0.606468879826367686E-08    0.146339922256288048E+03    0.374792658566641848E+02    0.283330703605543910E+00    0.712890287953223623E+00   -0.189377847670286426E+01    0.953496496743858017E+02
    0.721325209400694983E-08    0.145943048910548782E+03    0.648551005508295617E+02    0.374972871327562907E+00    0.653258847988168467E+00   -0.200385481261787302E+01    0.122496467992293638E+02
    0.716597233314906755E-08    0.145906201200224587E+03    0.709747680811423720E+02    0.730997794233831266E+00    0.462551781268351281E+00   -0.990421473672815744E+00    0.957736472611435090E+02
    0.817123567752631657E-08    0.145593648429965867E+03    0.486143976490028251E+02    0.527309169654927579E+00    0.309094937722917795E+00    0.908159695769040987E+00    0.334116167337506511E+03
    0.121567518357483055E-07    0.144749119272105759E+03    0.850315344434616094E+02    0.720687015763129102E+00    0.380246897257721372E+00   -0.299373094067880097E+00    0.413579203975478862E+02
    0.153973203020734540E-07    0.144226501740435538E+03    0.559099963721763089E+02    0.288443725728309841E+00    0.676409313206498441E+00   -0.215772748136088088E+01    0.823166713812168922E+02
    0.153117707835683365E-07    0.144187644986528483E+03    0.453361999054684333E+02    0.455254913434759378E+00    0.707219271663086291E+00   -0.260214847671168226E+01    0.249572564082435235E+02
    0.223216169977628304E-07    0.143383777554224565E+03    0.400065641277092610E+02    0.632966754103551077E+00    0.786265868603057472E+00   -0.332453195793231071E+01    0.110910995774930043E+01
    0.240561117091608612E-07    0.143184110537498270E+03    0.202521601144512751E+02    0.630559226266452333E+00    0.620221935234250510E+00   -0.169375547264390347E+01    0.694879482979082610E+02
    0.268113194482351087E-07    0.142917240384642781E+03    0.198192766581570332E+02    0.174125514393408787E+00    0.676215927331101585E+00   -0.135101586232628046E+01    0.122284939752959232E+03
    0.434373097195594084E-07    0.141902251230758225E+03    0.172846930607832299E+02    0.186401823354631124E+00    0.417235087701819718E+00    0.622696967579244531E+00    0.148700277020399284E+03
    0.449818206327057001E-07    0.141782371871862978E+03    0.214399100597489856E+02    0.173222014875735852E+00    0.270778422481725067E+00    0.166651974634847067E+01    0.150571106294305963E+03
    0.447347358044199983E-07    0.141743388141893888E+03    0.236182806545948623E+02    0.239596977199148381E+00    0.300851940918693384E+00    0.136310168787676345E+01    0.328443048542759357E+03
    0.488655804598148868E-07    0.141516742171142539E+03    0.200246586716001573E+02    0.388647299451492567E+00    0.881913328862797052E+00   -0.278252847838678452E+01    0.409297613967710205E+02
    0.556536617619067161E-07    0.141206592965452444E+03    0.329542009800379958E+02    0.328102653912023923E+00    0.593090461816045078E+00   -0.799255408388516275E+00    0.874180002660959872E+02
    0.558785118085453516E-07    0.141148528912038586E+03    0.445681550685089860E+02    0.363686954612183033E+00    0.542488592979917694E+00   -0.989523130226608760E+00    0.137346021412358652E+03
    0.577464159862259274E-07    0.141032766143012282E+03    0.363032025442444350E+02    0.385156120341159425E+00    0.337014570399073787E+00    0.729349813447143114E+00    0.338078505303702968E+03
    0.583180813924339139E-07    0.140963064337826637E+03    0.397979210656014146E+02    0.252281255846683039E+00    0.554721089971977888E+00   -0.597216048864819493E+00    0.122326737907099485E+03
    0.680828606120188352E-07    0.140603437712729686E+03    0.330451842054476685E+02    0.382331894853506216E+00    0.712759224468981101E+00   -0.218175401870967800E+01    0.826133937929838567E+02
    0.754384077137469108E-07    0.140348255653385650E+03    0.564944455310501041E+02    0.274771603093340422E+00    0.597402347295685199E+00   -0.142074217328888697E+01    0.103368527282340253E+03
    0.736869341101272555E-07    0.140345237718921339E+03    0.424197030880002330E+02    0.368604141131561036E+00    0.536802060200196607E+00   -0.949529958633130722E+00    0.132166555508739862E+03
    0.979856955963904389E-07    0.139725245706845755E+03    0.129284099462834234E+02    0.349609249116040133E+00    0.467238829526962773E+00    0.360292066623989826E+00    0.128943025678914182E+03
    0.107235691484315783E-06    0.139494830443926844E+03    0.590806653059935201E+02    0.181971170229492912E+00    0.772176804340465761E+00   -0.226671154994015778E+01    0.342662667856795693E+02
    0.113835724228713500E-06    0.139325375929084259E+03    0.425225966026864981E+02    0.284896182221810734E+00    0.614160227474623732E+00   -0.132022433602864941E+01    0.126299697172894994E+03
    0.122688379394050571E-06    0.139125593436741497E+03    0.627710613986315735E+02    0.166352176418475106E+00    0.748925034709926662E+00   -0.235263348708805342E+01    0.801378964503633711E+02
    0.132701620529355084E-06    0.138918682409793945E+03    0.240161273079935782E+02    0.233413066163313726E+00    0.740666609748506510E+00   -0.207145080879570997E+01    0.636651496088840787E+02
    0.135878001620913000E-06    0.138821373843787967E+03    0.233352885554537082E+02    0.318471741914829964E+00    0.453679810960285423E+00    0.300338760581670638E+00    0.101675709480382466E+03
    0.178710071248595789E-06    0.138223359158292482E+03    0.532618470167701332E+02    0.212743531209452635E+00    0.599212764415647192E+00   -0.125947393868855095E+01    0.118153873481764819E+03
    0.265631665528137730E-06    0.137380667450041585E+03    0.383037791277469282E+02    0.325623930733764499E+00    0.524354646960464077E+00   -0.507079034535953044E+00    0.958468608232721238E+02
    0.280784943209648371E-06    0.137219710616943786E+03    0.373361654104130452E+02    0.429942569478327430E+00    0.534130689967571182E+00   -0.929791341746718514E+00    0.371179306592703426E+02
    0.293332862452600143E-06    0.137082272689219991E+03    0.147314210278521074E+03    0.978460271636147461E+00    0.450526443938422838E+00   -0.154777194731734591E+01    0.331987117477067670E+02
    0.317949815218736493E-06    0.136871101603177806E+03    0.404064059382170626E+02    0.209293555247049623E+00    0.678464887178097942E+00   -0.132207613073718644E+01    0.559766102942101327E+02
    0.369015993803020296E-06    0.136523208742793571E+03    0.329677682213304166E+02    0.358809843046487165E+00    0.309142254790347015E+00    0.970982939920430166E+00    0.253345221451652662E+03
    0.438666714919756749E-06    0.136127408849842055E+03    0.125198393543113681E+03    0.131349878023389688E+01    0.471468728255354852E+00   -0.194277736793577338E+01    0.168933513758434586E+02
    0.503053510434168041E-06    0.135803495622246402E+03    0.572541115497926683E+02    0.270103744466213269E+00    0.673859357355821809E+00   -0.202825885567487685E+01    0.728467011589297613E+02
    0.512895520022399728E-06    0.135714744396766008E+03    0.302973237702361153E+02    0.174187064106587797E+00    0.601854608604505015E+00   -0.523790857377043229E+00    0.681016638212172438E+02
    0.660138946367123742E-06    0.135159988040951418E+03    0.323513359821572450E+02    0.453554745789949143E+00    0.718848695965772833E+00   -0.244559674868132282E+01    0.491200733215417458E+02
    0.644596668367150903E-06    0.135157639114594360E+03    0.526016607513143413E+02    0.347123585777483812E+00    0.740499353158827311E+00   -0.245025405130323382E+01    0.133323736951878438E+02
    0.670837713043873030E-06    0.135027834217546541E+03    0.359824318900905524E+02    0.327067675192208751E+00    0.280692924760823970E+00    0.131380707359897042E+01    0.258658681432369008E+03
    0.772199193083509855E-06    0.134696403638531876E+03    0.406860906486734706E+02    0.470793089769916628E+00    0.300452874431580363E+00    0.101266576122188701E+01    0.321936441842936347E+03
    0.777638433940889228E-06    0.134632365359697047E+03    0.274498521440928442E+02    0.674848318690412952E+00    0.471450374770957636E+00   -0.612094617615166703E+00    0.314990981958564156E+02
    0.955335772706794512E-06    0.134170762969988715E+03    0.364719241836205512E+02    0.381260515210689044E+00    0.997827561098449611E+00   -0.398635657397414889E+01    0.180358942355688221E+02
    0.101727706980669080E-05    0.133995119121677988E+03    0.453997106615634038E+02    0.202302502180663313E+00    0.923910349861921776E+00   -0.309921715043964952E+01    0.210281317392765956E+02
    0.112363551553476970E-05    0.133746239309415131E+03    0.424841551244573594E+02    0.200678927707106408E+00    0.714390143422201196E+00   -0.174457242912013566E+01    0.764723569975569433E+02
    0.113079137815176384E-05    0.133683542713807043E+03    0.327112791848905005E+02    0.293680045498535214E+00    0.485545161968697181E+00   -0.188950293699622462E+00    0.109849450058380143E+03
    0.212391116204063614E-05    0.132372859604863521E+03    0.136293598795749684E+02    0.229336439859835595E+00    0.542229290607937897E+00   -0.404012429738345794E-01    0.145941932545479688E+03
    0.219078990733377818E-05    0.132260853824158374E+03    0.508590019571675072E+02    0.330998429262709060E+00    0.720340759589956248E+00   -0.234402860836174032E+01    0.585557788902336256E+02
    0.232543744962215757E-05    0.132091561814878219E+03    0.317936722768104936E+02    0.310523325501575964E+00    0.868233776685544689E+00   -0.280114128045079802E+01    0.374256128412045541E+02
    0.232434104180860056E-05    0.132042505006332078E+03    0.136519883090700578E+02    0.250177092051199923E+00    0.922324881818167408E+00   -0.274499700435591620E+01    0.476031005218209771E+02
    0.228675757087672685E-05    0.132025108345696509E+03    0.300811551894888964E+02    0.579003828815392363E+00    0.530942247118936561E+00   -0.890648649658742020E+00    0.216317770396311069E+02
    0.268363342941500088E-05    0.131655034891194703E+03    0.639905267369408364E+02    0.180025610440952666E+00    0.762931368418902967E+00   -0.251684356676090282E+01    0.397928051825384372E+02
    0.281983842646986054E-05    0.131506018982849952E+03    0.407013586587632190E+02    0.257828325337652431E+00    0.619560776910418887E+00   -0.140047317178009001E+01    0.531784127242798803E+02
    0.411835006735897898E-05    0.130698472930181680E+03    0.804518627284852386E+02    0.106790706919516709E+01    0.425494820925476247E+00   -0.111914400057439334E+01    0.220487294123970301E+02
    0.461774914147257336E-05    0.130419563383194401E+03    0.489160830821549411E+02    0.187024857471640382E+00    0.642963238006133420E+00   -0.146691446160617223E+01    0.565825634255806307E+02
    0.514458215337447306E-05    0.130153489854566544E+03    0.392155522443372604E+02    0.171195953740324480E+00    0.629509292703065104E+00   -0.102524148401228166E+01    0.826198344631198722E+02
    0.637090940449006624E-05    0.129675893712209927E+03    0.371251347327365835E+02    0.626986456632817157E+00    0.663096639498825469E+00   -0.222099234830565617E+01    0.390644645410570277E+02
    0.682611524720186796E-05    0.129487866690500738E+03    0.363290599350411298E+02    0.408927054314700389E+00    0.587632153089550302E+00   -0.123891797847614793E+01    0.929156161712289759E+02
    0.679087890382272213E-05    0.129448217410090365E+03    0.237896600686939230E+02    0.239333788019472415E+00    0.542023754777078759E+00   -0.521088404554489903E+00    0.839745028182947806E+02
    0.767705368510257333E-05    0.129152906480709618E+03    0.591223876210130896E+02    0.225288180761296225E+00    0.917913458733295440E+00   -0.388224820096365653E+01    0.212628730183402403E+02
    0.805426142806655515E-05    0.129006975515691408E+03    0.387327956228657158E+02    0.257999323863627505E+00    0.664301656862425038E+00   -0.152290951992671708E+01    0.875571012552394876E+02
    0.789962935245842640E-05    0.128995746476386984E+03    0.336201438671788750E+02    0.459599830029400136E+00    0.720229344615046840E+00   -0.220357531448074617E+01    0.531310048267035739E+01
    0.926443869936352331E-05    0.128627011608321425E+03    0.191364832491704036E+02    0.525037931465196506E+00    0.722208104797514960E+00   -0.223074831384732075E+01    0.412843544305243313E+02
    0.100783951369919358E-04    0.128408590083575888E+03    0.299225394488406380E+02    0.369996484227896605E+00    0.626952797325035727E+00   -0.130696166323471408E+01    0.953683840009524531E+01
    0.998336798400188963E-05    0.128377537144833099E+03    0.507937605078702177E+02    0.210732021587867829E+00    0.880856083945642632E+00   -0.315978662811482813E+01    0.146294002405591286E+02
    0.100056285196007752E-04    0.128323082585086212E+03    0.326257052586512657E+02    0.207473437278625827E+00    0.589322101378405350E+00   -0.761080450429135635E+00    0.123770304508535204E+03
    0.103059959084185436E-04    0.128213926452518365E+03    0.355740427261651746E+02    0.624557947155613302E+00    0.567624429814020059E+00   -0.138028045049277570E+01    0.334055203787927155E+02
    0.149460489975591115E-04    0.127420484190693841E+03    0.243529494814355409E+02    0.269338274360266527E+00    0.506291680465111860E+00   -0.269199151000119485E+00    0.118993372431693643E+03
    0.153796487717420069E-04    0.127313287904053055E+03    0.212215760138074785E+02    0.840962992976234003E+00    0.550966522136787873E+00   -0.108021485787272975E+01    0.235555505864155137E+02
    0.159130014234406483E-04    0.127195105208952015E+03    0.165239887831320260E+02    0.669257281854361175E+00    0.460049569824182714E+00   -0.191735750632290924E+00    0.389172508699109017E+02
    0.186662294028188545E-04    0.126825946204423602E+03    0.347989599978781499E+02    0.334658365699668059E+00    0.796780180119974757E+00   -0.246925762224197509E+01    0.412780466408852575E+02
    0.226304370136351338E-04    0.126390786616888775E+03    0.407687120268858436E+02    0.353019889873551374E+00    0.961634436421457850E+00   -0.422995454477938626E+01    0.209206698475734498E+02
    0.232573500472331543E-04    0.126286135732034438E+03    0.160679442566832442E+02    0.493665822888292916E+00    0.529926519271127994E+00   -0.604446689661997771E+00    0.828589083140369382E+02
    0.316166109371646784E-04    0.125622012868212579E+03    0.209301840714867780E+02    0.260969990721712786E+00    0.670145829125203152E+00   -0.966360948631515670E+00    0.727140335914011473E+02
    0.324902336482489441E-04    0.125517499076221398E+03    0.261285597331898316E+02    0.371757120049454770E+00    0.563204994720860719E+00   -0.654854435305655125E+00    0.487111615948553194E+02
    0.381286547581292641E-04    0.125147445972628233E+03    0.168657871384993214E+02    0.202852682363687115E+00    0.635125284419198466E+00   -0.851851647803168355E+00    0.130738278829852959E+03
    0.393897967984770505E-04    0.125032364521788708E+03    0.424706587020513808E+02    0.285410670003409916E+00    0.730633574639829586E+00   -0.226238296835411479E+01    0.573743559368741103E+02
    0.397636240119774784E-04    0.124963473108676453E+03    0.315742119692354919E+02    0.302924952241878653E+00    0.693339512570727345E+00   -0.189066139994850535E+01    0.262359810387699106E+02
    0.413514260342946933E-04    0.124835164342713512E+03    0.417020491868957563E+02    0.248331506012895775E+00    0.655861834354364404E+00   -0.156548140858820517E+01    0.643622041967609277E+02
    0.418483787044051660E-04    0.124761272047211847E+03    0.184614860446377307E+02    0.870627907055256611E+00    0.464453694836891917E+00   -0.470049452075414542E+00    0.347986465384647943E+02
    0.444134135886563815E-04    0.124592295094980145E+03    0.234941938930925787E+02    0.497525227082412980E+00    0.763066519692455092E+00   -0.240862470388658556E+01    0.423129783020835006E+02
    0.466055768940034797E-04    0.124445937738694951E+03    0.211752585364762922E+02    0.308474843638854079E+00    0.528393175556561290E+00   -0.404756568707375919E+00    0.142702417717706169E+03
    0.465635093653890683E-04    0.124397743811209438E+03    0.359385716945447911E+02    0.351537247228165706E+00    0.676725338920711517E+00   -0.191318350445701579E+01    0.396824356684892123E+02
    0.519994822947787209E-04    0.124126910632986508E+03    0.198963417898721069E+02    0.380167102840134608E+00    0.668245526166118764E+00   -0.126356029982596052E+01    0.741131538775100864E+02
    0.535687776373953742E-04    0.124017445375133434E+03    0.363308371739279821E+02    0.450825433776281592E+00    0.667467699353835653E+00   -0.199017559766665131E+01    0.366623382929013033E+02
    0.542785572567956170E-04    0.123941119648376826E+03    0.261834545781178321E+02    0.255284671596949841E+00    0.640698539207728013E+00   -0.127161791972058347E+01    0.109830276221025130E+03
    0.539609145122138593E-04    0.123902858199988245E+03    0.324760778127140526E+02    0.241230133726363122E+00    0.873409890096031871E+00   -0.258444586472704430E+01    0.242327309563141036E+02
    0.533855709896976737E-04    0.123874297151774073E+03    0.231360452297283814E+02    0.179231710009071149E+00    0.531679963969012070E+00   -0.130800223024318069E+00    0.135831719339977838E+03
    0.532811623352194046E-04    0.123828212475120679E+03    0.219792934951282746E+02    0.776362730016892821E+00    0.585084510032801930E+00   -0.129441741150419376E+01    0.236385062520088951E+02
    0.530986331755178682E-04    0.123785075783625871E+03    0.278499105907964193E+02    0.288418260878768207E+00    0.637113982223309505E+00   -0.132740474712514733E+01    0.257565037059541488E+02
    0.518190205522225009E-04    0.123783863610321447E+03    0.399306874812800032E+02    0.226521707128490069E+00    0.936538410255107756E+00   -0.326885968538290372E+01    0.220074768929413267E+02
    0.717674477048852962E-04    0.123082516160980816E+03    0.366753999211864681E+02    0.330420313855195991E+00    0.945679152910246401E+00   -0.383904046789397713E+01    0.647329722844379063E+01
    0.715380520391449304E-04    0.123038919149340188E+03    0.422027038756803989E+02    0.172992533775174595E+00    0.722867940332241887E+00   -0.200752755552670115E+01    0.499286984083214733E+02
    0.740817833478395546E-04    0.122919038831674683E+03    0.145152269459211674E+02    0.371856655336455622E+00    0.682588201890409030E+00   -0.127211770717237371E+01    0.751137332957369708E+01
    0.724366888209897176E-04    0.122913952312895887E+03    0.384878643859570388E+02    0.376264089424073522E+00    0.836093204400218282E+00   -0.320007764100257042E+01    0.306669942015630355E+02
    0.728797150221662768E-04    0.122851757472890284E+03    0.228192974148137040E+02    0.354960214394465179E+00    0.565964769205961282E+00   -0.634595847843958616E+00    0.341205264100754491E+02
    0.744255039990832513E-04    0.122759780800741709E+03    0.179481813548676641E+02    0.251588270430370353E+00    0.717362056777871682E+00   -0.146683845163189686E+01    0.764686935793424283E+00
    0.744788659247078204E-04    0.122708347345754817E+03    0.268720699977122450E+02    0.407242989951818679E+00    0.744428754143635740E+00   -0.209169483224513097E+01    0.547862015143299530E+01
    0.813486991918136804E-04    0.122481888471769722E+03    0.214400254825212819E+02    0.310873432259260618E+00    0.811228362065568365E+00   -0.244450378025084847E+01    0.229801835902785001E+01
    0.897865578615928821E-04    0.122234507609578458E+03    0.152602159706845768E+02    0.538840209988460161E+00    0.593654988549807361E+00   -0.996756738559248623E+00    0.820597117639008218E+02
    0.879429159446540863E-04    0.122226002315219759E+03    0.156094045854247199E+02    0.753454278697908930E+00    0.641180798167504507E+00   -0.180686798659059633E+01    0.223754294602743045E+02
    0.102027486421277027E-03    0.121878893654909191E+03    0.223783229565939941E+02    0.230063188911091537E+00    0.685433943616747032E+00   -0.119186996108689525E+01    0.897932569928197211E+02
    0.103016162187456327E-03    0.121809606377588622E+03    0.365097478047197939E+02    0.224366746993764604E+00    0.665582974174848574E+00   -0.144473167508714750E+01    0.451552381682056208E+02
    0.101662715514604627E-03    0.121786056911524341E+03    0.288245640507768464E+02    0.719859271912209442E+00    0.658140604228278026E+00   -0.207702327913382856E+01    0.230610569386669368E+02
    0.105958583679598324E-03    0.121653281562796309E+03    0.313669923648101232E+02    0.222145846914928419E+00    0.821186023560432243E+00   -0.267943718442759060E+01    0.572550517328537296E+02
    0.108655108618903526E-03    0.121553020709032978E+03    0.360537563764888489E+02    0.295760584481974620E+00    0.773113611457211469E+00   -0.222904506837172844E+01    0.324180363230423509E+02
    0.107276252840364999E-03    0.121528563539146347E+03    0.303864648179950905E+02    0.237832684366915015E+00    0.787415779251510517E+00   -0.246338150056086302E+01    0.265835537785505558E+02
    0.131548410342470745E-03    0.121070628311595826E+03    0.273274318970314063E+02    0.185448575763092288E+00    0.741534465405644605E+00   -0.147797861401492181E+01    0.304118791015285055E+02
    0.128466926282334404E-03    0.121068035181931506E+03    0.304313943306217851E+02    0.216632456342653101E+00    0.103873440379965487E+01   -0.363151507064045820E+01    0.715088008586484847E+01
    0.141434626311520619E-03    0.120825702947389786E+03    0.159362428966399374E+02    0.319878007105077411E+00    0.622012912106778337E+00   -0.911328410905589581E+00    0.281848840463735151E+02
    0.143430508518826386E-03    0.120747676844881937E+03    0.393658965255946782E+02    0.295655917936451962E+00    0.763311371026872187E+00   -0.236179552664411574E+01    0.426629803771821159E+02
    0.146232070689522749E-03    0.120658988388269279E+03    0.299934226734785305E+02    0.183754080547546855E+00    0.728221902860801129E+00   -0.152429749950531712E+01    0.588024433874854751E+02
    0.147772511080183038E-03    0.120588030150436055E+03    0.297728103214785307E+02    0.272300450535332084E+00    0.614972444936452867E+00   -0.110481282179661822E+01    0.449896853240614263E+02
    0.144408212234145382E-03    0.120584089965772549E+03    0.294129395131296363E+02    0.544102767811193933E+00    0.996845300495862841E+00   -0.427536137048035414E+01    0.580134878115000419E+01
    0.142677384039417363E-03    0.120558206106583356E+03    0.162237452975414698E+02    0.859930325145427665E+00    0.536608939877277313E+00   -0.102897795126653424E+01    0.532113263549170625E+02
    0.158078468001224064E-03    0.120303195072981367E+03    0.309167777004307816E+02    0.409066105768103261E+00    0.617928963972533718E+00   -0.130718514912457029E+01    0.521346346032931862E+02
    0.158745525657157490E-03    0.120244773253233376E+03    0.162682114381993408E+02    0.746474720800701652E+00    0.540877881838357055E+00   -0.868793035862720719E+00    0.184506172820166015E+02
    0.196841767334465209E-03    0.119764577769329719E+03    0.374519359461825871E+02    0.330098879779614163E+00    0.102879339714383344E+01   -0.444768241383266005E+01    0.830734340041814789E+01
    0.200835769958712765E-03    0.119674403139915754E+03    0.238702407909926109E+02    0.230291536378315925E+00    0.608675788834540654E+00   -0.683182721134543258E+00    0.721567401385961205E+02
    0.220520690005597292E-03    0.119437395112891224E+03    0.266718059091534698E+02    0.209405520069245482E+00    0.100574623875060198E+01   -0.391633865690256133E+01    0.190569256752523515E+02
    0.224789411561030216E-03    0.119349050127684180E+03    0.323004713955794358E+02    0.290213359770920387E+00    0.886058762732896743E+00   -0.304060826298897124E+01    0.739081450982414623E+01
    0.222052431069153525E-03    0.119323551098362344E+03    0.250672173239089879E+02    0.169741260702881841E+00    0.839905274961775805E+00   -0.195839562681669888E+01    0.240474589789794848E+02
    0.222196033258235221E-03    0.119272258108464897E+03    0.388077077186567649E+02    0.202104313609410807E+00    0.758032486494677027E+00   -0.214308760260795550E+01    0.543860167023751018E+02
    0.221692943687911321E-03    0.119226791582480814E+03    0.154107189447332580E+02    0.642076695425723432E+00    0.501522441746991898E+00   -0.455566851811389451E+00    0.653467812579349072E+02
    0.226517675025684193E-03    0.119133732203687032E+03    0.289709737382199783E+02    0.408537196603425690E+00    0.720425375354667552E+00   -0.205829831173802935E+01    0.131207791355898316E+02
    0.232914559856672713E-03    0.119028034777466544E+03    0.187447620307158473E+02    0.403808579047179761E+00    0.718908773610402396E+00   -0.192536898525676481E+01    0.509677535017842587E+02
    0.313964813961044905E-03    0.118380816313950064E+03    0.349550946822054911E+02    0.194718686277795761E+00    0.805822987260725432E+00   -0.225099777359274800E+01    0.407483569872094975E+02
    0.344166897189442718E-03    0.118147124746377585E+03    0.400389574440859946E+02    0.230367619722986611E+00    0.989489908309580168E+00   -0.393468715460002683E+01    0.265018652826003880E+02
    0.387507352993215375E-03    0.117859908510151499E+03    0.243754188274589225E+02    0.489769051855586612E+00    0.856541348245645096E+00   -0.307142245852684459E+01    0.475291606015820989E+01
    0.385483675021538227E-03    0.117820380469186844E+03    0.337466307080187207E+02    0.171703476059218346E+00    0.742870292254547482E+00   -0.192199466377789374E+01    0.723571092616771239E+02
    0.388456468177016763E-03    0.117755015933300740E+03    0.189810731514572453E+02    0.506846906607596015E+00    0.722598358540831764E+00   -0.178315676328010397E+01    0.960929611286669427E+01
    0.411488897860388199E-03    0.117589814078170917E+03    0.331483443605749812E+02    0.193349742948306397E+00    0.875809713683896374E+00   -0.305381584554877161E+01    0.244695842808890802E+02
    0.409386523042506686E-03    0.117550058650544031E+03    0.304885638393629108E+02    0.171373814130911434E+00    0.639127117743234829E+00   -0.109193769366530113E+01    0.725677400236538261E+02
    0.428193589598184563E-03    0.117410227347381394E+03    0.207843154789166817E+02    0.163591245298362581E+00    0.623758645989780369E+00   -0.801612211406979469E+00    0.119431135457025718E+03
    0.453425948017235382E-03    0.117245714225724910E+03    0.227693104542985694E+02    0.245818476583586742E+00    0.675318173948954437E+00   -0.138576683446978333E+01    0.253950070760710496E+02
    0.481816779194013981E-03    0.117074250327049270E+03    0.239178296982134881E+02    0.357314753666590434E+00    0.583260813002301592E+00   -0.904727806703225834E+00    0.644468726105944540E+02
    0.480195753843393137E-03    0.117030990475765321E+03    0.239361234379860335E+02    0.195037169651411990E+00    0.683350416061224930E+00   -0.112374947212265841E+01    0.726609044152924355E+02
    0.537056240119183816E-03    0.116757172519854237E+03    0.261225581626642125E+02    0.163712864475920677E+00    0.774224504149327419E+00   -0.209823428678222079E+01    0.623957775324580552E+02
    0.539705605193918116E-03    0.116697330527652426E+03    0.213380171977918422E+02    0.244021893241781473E+00    0.907959976034793836E+00   -0.300332661641029031E+01    0.455743832099326553E+02
    0.585760060133926758E-03    0.116483557654247790E+03    0.146279219785889971E+02    0.433147035515773660E+00    0.696643509419226370E+00   -0.129868740426924845E+01    0.251947071211090403E+02
    0.669016159441301449E-03    0.116167761729396389E+03    0.278687273695393714E+02    0.168138208729548350E+00    0.872888201698865052E+00   -0.287461046703124667E+01    0.347745054530241831E+02
    0.662494753508039509E-03    0.116137352881119227E+03    0.290668906303969230E+02    0.191877090014104051E+00    0.754971845650886930E+00   -0.194384958387290174E+01    0.727890885180153049E+02
    0.747155514600172477E-03    0.115846831460295732E+03    0.237047298194493692E+02    0.195340337967947891E+00    0.940709017682051507E+00   -0.317297829800009268E+01    0.476615640824897469E+02
    0.748122168710657143E-03    0.115794245574728293E+03    0.229199219513904389E+02    0.290818025193344376E+00    0.821350096560788390E+00   -0.254788787232695046E+01    0.140684127055301396E+02
    0.745018851941933193E-03    0.115752559112952056E+03    0.241377759376449958E+02    0.232838915369091376E+00    0.111993727353081773E+01   -0.394074764032718772E+01    0.134633757128474230E+02
    0.752306327426909157E-03    0.115683090975697027E+03    0.319502472896225100E+02    0.232156492527724106E+00    0.708214448230254034E+00   -0.176601723814641232E+01    0.588771347965832490E+02
    0.838092536936942741E-03    0.115417121117661651E+03    0.136862308341128287E+02    0.383755392168801945E+00    0.937263142420679318E+00   -0.292346926361421167E+01    0.819177037714261402E+01
    0.887095726677199713E-03    0.115253472361646544E+03    0.194791743280028840E+02    0.189509533515151374E+00    0.918465584361939258E+00   -0.273239700647189343E+01    0.518978654141971489E+02
    0.975248533017898330E-03    0.115013993469962358E+03    0.201165166348565876E+02    0.681467123858748081E+00    0.598108552530006166E+00   -0.140579694738944250E+01    0.253536386505517655E+02
    0.103191643424581521E-02    0.114851032221921187E+03    0.155237466443919807E+02    0.205708781161936277E+00    0.125230868177295585E+01   -0.482886269105947363E+01    0.554582813573462019E+01
    0.101971986140290678E-02    0.114824811712565250E+03    0.251870781136483473E+02    0.178043123034825307E+00    0.759768610354048302E+00   -0.160624566889352849E+01    0.508852011798127961E+02
    0.110155767808709578E-02    0.114620417102127490E+03    0.389613063826782735E+02    0.182452054501115291E+00    0.105054862240756375E+01   -0.417941318173394549E+01    0.148284182239100062E+02
    0.116181691562426736E-02    0.114463897427722372E+03    0.240220576685983644E+02    0.226731258532693880E+00    0.699003046705692688E+00   -0.145200636972906283E+01    0.811143190666719818E+02
    0.115859882646752511E-02    0.114419444866763712E+03    0.200470513733336411E+02    0.212257245011912454E+00    0.950300877935943866E+00   -0.323659445196243922E+01    0.281702569945243795E+02
    0.114396159346210995E-02    0.114394872959855604E+03    0.174528987439282872E+02    0.365867531029687498E+00    0.700526544643635729E+00   -0.130328637592134733E+01    0.356068153524772697E+02
    0.115794036888045731E-02    0.114320581834540661E+03    0.255637875814374453E+02    0.368175956264944593E+00    0.864171240559261866E+00   -0.279852947486194426E+01    0.264447032970919054E+02
    0.139005119641415036E-02    0.113905186443512790E+03    0.181956000791659207E+02    0.183339009871005543E+00    0.863505999416359971E+00   -0.222192049649458445E+01    0.563279217838889963E+02
    0.142697536235035635E-02    0.113802753454348661E+03    0.212002140755649862E+02    0.307086227315095217E+00    0.767155957377113396E+00   -0.179836833377976824E+01    0.412106855541821560E+02
    0.149101839277761012E-02    0.113664948857199761E+03    0.266693095033275576E+02    0.286775524735948251E+00    0.935696245493916279E+00   -0.333122254489282943E+01    0.708964570105370839E+01
    0.175630190330350669E-02    0.113287446786055384E+03    0.204016794599182347E+02    0.588651963824538993E+00    0.836367266150755295E+00   -0.292632482507130698E+01    0.726966536190109736E+01
    0.187485040364505050E-02    0.113106809857313152E+03    0.306162589124849731E+02    0.248179220585345667E+00    0.790299161615648615E+00   -0.236553890700544223E+01    0.463007984458776320E+02
    0.183182984336252618E-02    0.113103236836991357E+03    0.334687314403638680E+02    0.161158580319226641E+00    0.897548989904688677E+00   -0.283414368058821786E+01    0.207695494982614619E+02
    0.181387941874044034E-02    0.113072931846538992E+03    0.180197294942958521E+02    0.197936171569587177E+00    0.993260275020627970E+00   -0.329157338683149447E+01    0.868656540933486809E+01
    0.178051645284793450E-02    0.113060060671806042E+03    0.275611027249694942E+02    0.209761499705911264E+00    0.969626710839659234E+00   -0.325762834203573348E+01    0.309471649179780144E+02
    0.189376044006773678E-02    0.112886738594011888E+03    0.172683598869448076E+02    0.460840616055652408E+00    0.970569067066761493E+00   -0.333361568754081095E+01    0.561654230765828544E+01
    0.225494141319791458E-02    0.112487619616799421E+03    0.158111672986753646E+02    0.404683840882613721E+00    0.660470990593568397E+00   -0.114198421042374898E+01    0.383840154172137815E+02
    0.221431804721814894E-02    0.112473978646881150E+03    0.307219169158554060E+02    0.202147155892318464E+00    0.111695640851580480E+01   -0.454806576388099426E+01    0.723762218231076915E+01
    0.220755141611250977E-02    0.112430099710782812E+03    0.265557595140280398E+02    0.186158877778826198E+00    0.852846838887793446E+00   -0.234428654055721175E+01    0.419422783085313995E+02
    0.239192384082185681E-02    0.112219671607426250E+03    0.296031505857338750E+02    0.171936645133047877E+00    0.963695767105775203E+00   -0.349948759212083260E+01    0.176203301092556330E+02
    0.263265739495757798E-02    0.111977880095553957E+03    0.278236289724191401E+02    0.269140300189354420E+00    0.112009515371963264E+01   -0.445416480004551918E+01    0.155440759143370428E+02
    0.279067536910667822E-02    0.111811300331707145E+03    0.255860979366849364E+02    0.322968034217066324E+00    0.974536469272267225E+00   -0.340594505051233343E+01    0.113018869408488172E+02
    0.282213673696392244E-02    0.111738878987991953E+03    0.237604689635469057E+02    0.185477405358841968E+00    0.961726445875753844E+00   -0.305852569176132150E+01    0.612732019938442463E+01
    0.288656431661749079E-02    0.111643733646065627E+03    0.174151636578604290E+02    0.247539822713032875E+00    0.667130379112531258E+00   -0.103245191098348599E+01    0.694785052966337986E+02
    0.285190829579247537E-02    0.111617890904977429E+03    0.253784306674716689E+02    0.263126348973321433E+00    0.108398714003743146E+01   -0.442595202812245159E+01    0.110891389143707535E+02
    0.279805510006620210E-02    0.111606018462925377E+03    0.189552656894995906E+02    0.353444834299795452E+00    0.106329868311057085E+01   -0.404291744323459845E+01    0.185828763516438080E+02
    0.302521948648145321E-02    0.111399900307616363E+03    0.241608173200173155E+02    0.230759961751423992E+00    0.775857451111294227E+00   -0.212203078306475090E+01    0.305604860574286299E+02
    0.299997109816523694E-02    0.111366662290993133E+03    0.169505239341753686E+02    0.288296635022273817E+00    0.765614250311489664E+00   -0.189763592206486997E+01    0.455866097420699603E+02
    0.315614626480277246E-02    0.111215164106538140E+03    0.261690672998808580E+02    0.317218421299452935E+00    0.883122111009591371E+00   -0.299080953851078624E+01    0.113615350287131598E+02
    0.314474412616291268E-02    0.111172402544522924E+03    0.160957992894483866E+02    0.204904417943037681E+00    0.747556222244585178E+00   -0.141252344291297049E+01    0.586406665979092168E+02
    0.307972039076202320E-02    0.111164189979057880E+03    0.232945920071394923E+02    0.449397565923802977E+00    0.879388906860674835E+00   -0.313507090855324755E+01    0.974162071511596395E+01
    0.303102616581709663E-02    0.111146065138801660E+03    0.274301257525211355E+02    0.210803230534366753E+00    0.841734650531166806E+00   -0.265227416743830213E+01    0.365552298478633872E+02
    0.308373724902267056E-02    0.111061583092427611E+03    0.204201240991623365E+02    0.275683782002777877E+00    0.968230408730876513E+00   -0.338873865095692794E+01    0.312367788526367676E+02
    0.301583322349049249E-02    0.111056115297615491E+03    0.230091393652209355E+02    0.376258244294536859E+00    0.784701071880501977E+00   -0.236436008579839774E+01    0.162638534415512375E+02
    0.313520486910889937E-02    0.110928478558451118E+03    0.150139800614465315E+02    0.250650226210470839E+00    0.839806163778601178E+00   -0.202892306887906049E+01    0.379728052189029555E+02
    0.314590196151973015E-02    0.110871666317843676E+03    0.236049154938155681E+02    0.393404695517776570E+00    0.858555790797796092E+00   -0.271984248069721790E+01    0.148435906254896501E+02
    0.317256403514548082E-02    0.110804787390655235E+03    0.177083936059708940E+02    0.202355540120471022E+00    0.903772360053595070E+00   -0.271686188532056239E+01    0.224474746655752639E+02
    0.311340831418262460E-02    0.110792431506212282E+03    0.161285370606418041E+02    0.208468293826025053E+00    0.914009046700381300E+00   -0.237139631713297039E+01    0.327447223645789052E+02
    0.317759324426838746E-02    0.110701619462710710E+03    0.196768505730588643E+02    0.543777119713764856E+00    0.766519366570645788E+00   -0.226874551040103745E+01    0.196376682664131010E+02
    0.312003004950697944E-02    0.110688182334292179E+03    0.258103333495070757E+02    0.334598783327620997E+00    0.837027505903962910E+00   -0.279206866972355128E+01    0.259996589162937539E+02
    0.334979410113745314E-02    0.110496069837144560E+03    0.220651155897302260E+02    0.191866111394337624E+00    0.106064096673000763E+01   -0.366631701603249116E+01    0.476923688992338768E+01
    0.344347474184070884E-02    0.110390905478445674E+03    0.262781999469208714E+02    0.328317076892789717E+00    0.107572390578408505E+01   -0.422931823680253061E+01    0.114609057516274433E+02
    0.337194528465529489E-02    0.110382887973085630E+03    0.169778328812552424E+02    0.337039448747359638E+00    0.857384616638564245E+00   -0.249281091019449219E+01    0.349654403913663216E+02
    0.369453308830230108E-02    0.110150159233738719E+03    0.174423163912610626E+02    0.262589927484720986E+00    0.934535198982690440E+00   -0.303027442174298134E+01    0.188846597653279247E+02
    0.381371510538299711E-02    0.110036659985705967E+03    0.167113646392385888E+02    0.311719633440688926E+00    0.969560821925700700E+00   -0.295861662459060204E+01    0.960272797354843988E+01
    0.372868242047988451E-02    0.110031757734796528E+03    0.205169269115553625E+02    0.285696929424841872E+00    0.105567115263931122E+01   -0.359110893561353794E+01    0.927226343508693063E+01
    0.373644384250922069E-02    0.109977598970669845E+03    0.264785159999473265E+02    0.173543933613946905E+00    0.752244603433157577E+00   -0.171506054639601202E+01    0.506933015991291995E+02
    0.373826240668679232E-02    0.109926625787696324E+03    0.218854571839470644E+02    0.215721681021361023E+00    0.851641374530053730E+00   -0.255333840923147859E+01    0.231397541159906979E+02
    0.371756750936933725E-02    0.109887728482203798E+03    0.148329686260861138E+02    0.255392895706607115E+00    0.110043030588978841E+01   -0.381005985859369911E+01    0.109396394004439550E+02
    0.362748372062462023E-02    0.109886789164348727E+03    0.267523781480000551E+02    0.345342178551113876E+00    0.919846702215863843E+00   -0.336924612795447098E+01    0.148080284434987846E+02
    0.395908345401434388E-02    0.109661842505404707E+03    0.226894024491606103E+02    0.159443830035125494E+00    0.114222565507442275E+01   -0.423146415149737898E+01    0.277158792614950755E+02
    0.425750774273467303E-02    0.109466499696019355E+03    0.238666289757567469E+02    0.279914975802265154E+00    0.748626431828528394E+00   -0.185319640797551277E+01    0.478450438200122932E+02
    0.433686238798008418E-02    0.109379565331190449E+03    0.229530915521247572E+02    0.414809374035601031E+00    0.861327947985274456E+00   -0.288572550738804567E+01    0.121128692033913410E+02
    0.427698312556075346E-02    0.109357371832655616E+03    0.198072695082513732E+02    0.528245409420865286E+00    0.847329427332600194E+00   -0.293922326415883450E+01    0.142199254399509449E+02
    0.437945084620699771E-02    0.109260020922447453E+03    0.212722332633926001E+02    0.164231461144529689E+00    0.696073309731318313E+00   -0.127968679238607441E+01    0.625600819176385841E+02
    0.461610674668270788E-02    0.109104764291740779E+03    0.237798480241871317E+02    0.261296933601521064E+00    0.769165393174799261E+00   -0.207977458308415608E+01    0.461019240363696028E+02
    0.464266767371190620E-02    0.109043289338929284E+03    0.175040709165845954E+02    0.350963028932452958E+00    0.785276712539979216E+00   -0.200205478889274113E+01    0.384377601188273772E+02
    0.472093888492188668E-02    0.108959852208120168E+03    0.206550114357569612E+02    0.203248026377421287E+00    0.104787807692394752E+01   -0.363995645291732917E+01    0.302209330331544841E+02
    0.461572050698285438E-02    0.108954931643095819E+03    0.307130415087670379E+02    0.166405017150439760E+00    0.117342181641297127E+01   -0.488050810331244023E+01    0.201811997434103674E+02
    0.519519106372848868E-02    0.108668400795819835E+03    0.197319775821013934E+02    0.305889139349729999E+00    0.976471233180175702E+00   -0.350348755366794240E+01    0.220276553014758569E+02
    0.585402410465602104E-02    0.108379608988547162E+03    0.195745263136521501E+02    0.228197284338698764E+00    0.715291189069218625E+00   -0.141429371361589173E+01    0.364787688511265884E+02
    0.582160757457566343E-02    0.108340714722015321E+03    0.206059067900182100E+02    0.179775116276045227E+00    0.127486278292578525E+01   -0.489874433110494856E+01    0.162909556358900005E+02
    0.583343857157019464E-02    0.108286654334468224E+03    0.196583841483256663E+02    0.345041692599842742E+00    0.757277901553335964E+00   -0.183249746388652901E+01    0.242498068248868712E+02
    0.582544085505509474E-02    0.108239398240628290E+03    0.281773718052448459E+02    0.181936124729856569E+00    0.851248187949741997E+00   -0.258714913225967225E+01    0.399096138423726359E+02
    0.603851131444651471E-02    0.108117552579447477E+03    0.235212468875711664E+02    0.234920227324334374E+00    0.866418994716434243E+00   -0.249760528641720425E+01    0.352819615094820804E+02
    0.630078162788604186E-02    0.107982520213106440E+03    0.294694830163879828E+02    0.165768033437078910E+00    0.985411506383892744E+00   -0.348052809146212461E+01    0.306897104114453896E+02
    0.621989533316625980E-02    0.107958361442058134E+03    0.223445352605692875E+02    0.257819962843139905E+00    0.871406886546599924E+00   -0.276668113010345840E+01    0.338560849287894499E+02
    0.607055008175749668E-02    0.107956969152367293E+03    0.193163768351586391E+02    0.222949822078921500E+00    0.122871357626360034E+01   -0.452101994973901000E+01    0.788807976150815193E+01
    0.603755703229396506E-02    0.107917868669793151E+03    0.238511760909946418E+02    0.191066950441964978E+00    0.121524434835333972E+01   -0.476944141400389476E+01    0.177549828820361171E+02
    0.614297317017469934E-02    0.107833249891090986E+03    0.228674907160084793E+02    0.233613787210299656E+00    0.755049086245538459E+00   -0.184042049850094047E+01    0.316121895751749413E+02
    0.615541750207312163E-02    0.107779202422937729E+03    0.173828415507866971E+02    0.285602731232988072E+00    0.902538493490833260E+00   -0.282190104693055721E+01    0.238203653885898206E+02
    0.626181719896632457E-02    0.107694926739623497E+03    0.198506658478249065E+02    0.409235830119902499E+00    0.841674493281274416E+00   -0.253475524977695077E+01    0.184664355652049821E+02
    0.628195598913872284E-02    0.107638504809898379E+03    0.232193718889300627E+02    0.165777088703521730E+00    0.971962700138391034E+00   -0.330780134631107625E+01    0.349746932782784796E+02
    0.633468901978937599E-02    0.107571786153650919E+03    0.170014306481732298E+02    0.436895010457302391E+00    0.960015397134986737E+00   -0.333602047654141520E+01    0.119059891199951515E+02
    0.621425961262790042E-02    0.107560174422819216E+03    0.161268897109512075E+02    0.191691645668470440E+00    0.126680952442028927E+01   -0.460331352454665232E+01    0.131103941952641811E+02
    0.611449569021449771E-02    0.107542543010746130E+03    0.203764127926754810E+02    0.215146928739642640E+00    0.954134891182555678E+00   -0.294077640156049558E+01    0.325790588377113650E+02
    0.623853249162741735E-02    0.107452377646148818E+03    0.260935481597498793E+02    0.173658846155781671E+00    0.803206685973734680E+00   -0.214273619211980293E+01    0.467407764956343428E+02
    0.620859494846114426E-02    0.107411998372228439E+03    0.218860410834993360E+02    0.395253730113800217E+00    0.844519840792191223E+00   -0.276765524066751656E+01    0.210221607508957504E+02
    0.618508568534241118E-02    0.107369585881382449E+03    0.228225231037313918E+02    0.315574105865700394E+00    0.116471321195571131E+01   -0.472219859473973003E+01    0.796684470226129804E+01
    0.612011383330162469E-02    0.107340706207218801E+03    0.177156310949465485E+02    0.171596131586384010E+00    0.936333513000947359E+00   -0.274863797244352837E+01    0.401593127822604501E+02
    0.597276523152060704E-02    0.107339447584295613E+03    0.213076854889095841E+02    0.392179297460904630E+00    0.102310262786145323E+01   -0.394258731034991028E+01    0.117372384553139497E+02
    0.583342282651772102E-02    0.107336659732681824E+03    0.220415741452444394E+02    0.277157244438176298E+00    0.746749918760131082E+00   -0.179788618555587565E+01    0.321635058601210915E+02
    0.570916815419354740E-02    0.107329720938791908E+03    0.226712020154294791E+02    0.213730450331779620E+00    0.937947053652524065E+00   -0.315814739136859313E+01    0.304816598594985777E+02
    0.647780043618950176E-02    0.107027105572582428E+03    0.238964917156171488E+02    0.162991421313311680E+00    0.788099841421143643E+00   -0.188204912099720456E+01    0.494657030967192100E+02
    0.662734263464592917E-02    0.106931459771150145E+03    0.244830915107171094E+02    0.302439672186322506E+00    0.108340940541155284E+01   -0.425307336887946974E+01    0.106303846751130244E+02
    0.650724557104204876E-02    0.106918035081709704E+03    0.187992471157616166E+02    0.293129133703164901E+00    0.739190798377272307E+00   -0.170879061212535488E+01    0.414316928763301178E+02
    0.637555815399960205E-02    0.106908924318785751E+03    0.176976404408293355E+02    0.339365798837886534E+00    0.831368037102522495E+00   -0.242557817269362008E+01    0.264049620977676156E+02
    0.628332211624179227E-02    0.106888069920325051E+03    0.195924266687600586E+02    0.246475477717549546E+00    0.905963866845605259E+00   -0.283912041834427331E+01    0.170323498200384122E+02
    0.612902047159065433E-02    0.106887797711112214E+03    0.184937914168070208E+02    0.169363653551188875E+00    0.856468918978188776E+00   -0.227390635394183516E+01    0.474835135162527848E+02
    0.618094890707459894E-02    0.106820923991312924E+03    0.177591244484679649E+02    0.194667406741148741E+00    0.763053020247270952E+00   -0.161994062744556988E+01    0.469705446753499203E+02
    0.619876728819231462E-02    0.106765166704751238E+03    0.172223723046684825E+02    0.211014911802156535E+00    0.115628674957827160E+01   -0.398419802154901292E+01    0.152399992728757212E+02
    0.623080125626752218E-02    0.106704857726161720E+03    0.192235718366359194E+02    0.272893964206120831E+00    0.100389177682461495E+01   -0.325912330825837149E+01    0.110243145519770174E+02
    0.649273923709633560E-02    0.106572498576146273E+03    0.177283160860717253E+02    0.294119689665984507E+00    0.893928698549567358E+00   -0.277251834114701357E+01    0.250234688932537068E+02
    0.635748122198798431E-02    0.106564603071084434E+03    0.198772888061620137E+02    0.312157664954089586E+00    0.108449406432323059E+01   -0.421357845785751195E+01    0.133516104114916487E+02
    0.628078550456880914E-02    0.106538877494339559E+03    0.224551301935819438E+02    0.235272114131941601E+00    0.845812835658061646E+00   -0.236280007659742353E+01    0.375585344706396285E+02
    0.621319724536392812E-02    0.106510516364788089E+03    0.270602392206264426E+02    0.197735193626199207E+00    0.120791618592854122E+01   -0.491134640487096163E+01    0.101715789651928503E+02
    0.610500546904153580E-02    0.106495649593562348E+03    0.158881692428712249E+02    0.207316485475625645E+00    0.976292479840361827E+00   -0.283596090328789119E+01    0.236753873597431479E+02
    0.611069248174659664E-02    0.106443787395220895E+03    0.188126666774037616E+02    0.190710952635626291E+00    0.100277846898310408E+01   -0.318496728346827229E+01    0.313665309827111685E+02
    0.608372877022679386E-02    0.106402632015201235E+03    0.212098318301336235E+02    0.274267306219452667E+00    0.893625133735355015E+00   -0.289229022379255785E+01    0.221431166928307164E+02
    0.603955697125227453E-02    0.106367206280094436E+03    0.196348012391499864E+02    0.204854047774247566E+00    0.105130683741495212E+01   -0.350051985012144939E+01    0.861250552202318786E+01
    0.601397543253078589E-02    0.106325695601323531E+03    0.221076701535836406E+02    0.199215791401748638E+00    0.925426284966160861E+00   -0.298470104458824803E+01    0.194563412145782308E+02
    0.616733856762417387E-02    0.106225332811561032E+03    0.227920055846071534E+02    0.212114913080582168E+00    0.109181397319557760E+01   -0.420502381683123616E+01    0.199396073479385691E+02
    0.608206852107144157E-02    0.106203177889549110E+03    0.208629321996351322E+02    0.222159987559303967E+00    0.788439132774671925E+00   -0.200768711163610991E+01    0.449927375147252633E+02
    0.595864949947302273E-02    0.106194179877641091E+03    0.233615373958149277E+02    0.224533680826883825E+00    0.856633316379764476E+00   -0.259512930014035526E+01    0.282429111341912993E+02
    0.590341009936672708E-02    0.106162807266571903E+03    0.215419062108798407E+02    0.198206166482320700E+00    0.796024816837011762E+00   -0.193904613845204832E+01    0.468713198817997778E+02
    0.587121920513393632E-02    0.106123742973710492E+03    0.184154044472415102E+02    0.306112135766911819E+00    0.822019582960870632E+00   -0.226998028497569182E+01    0.205581325592952169E+02
    0.594709368899518781E-02    0.106048062311160336E+03    0.206809206582269312E+02    0.260460570684133530E+00    0.101309187641984044E+01   -0.355097925948710591E+01    0.983722057948340733E+01
    0.602891640252571463E-02    0.105970733013312184E+03    0.184890031104151724E+02    0.337535559679072728E+00    0.831156839585069807E+00   -0.239421874847516580E+01    0.299987478566395076E+02
    0.589399114101013533E-02    0.105966000837822392E+03    0.189031574996738030E+02    0.299594358091637092E+00    0.848550349647497537E+00   -0.248998105950409032E+01    0.320769448360127356E+02
    0.575652614562048841E-02    0.105963199214243986E+03    0.184546831156718625E+02    0.234331033943563055E+00    0.857393571396163900E+00   -0.239827963563941848E+01    0.381780822010954921E+02
    0.562507388026782778E-02    0.105959399435798545E+03    0.167281764446018286E+02    0.178288210205027442E+00    0.886581854714558082E+00   -0.226462914660375780E+01    0.347276897856346451E+02
    0.555602859995414644E-02    0.105934100455429089E+03    0.199605196721720866E+02    0.267917562603800063E+00    0.892858853231641270E+00   -0.266607242625411889E+01    0.312383102332473612E+02
    0.560966184016322127E-02    0.105864886721002591E+03    0.203623022519732437E+02    0.174422355106465421E+00    0.812362255188425975E+00   -0.203720858196031296E+01    0.501476651201177290E+02
    0.571568285953681903E-02    0.105777440049162252E+03    0.251951851594393972E+02    0.218690243696787356E+00    0.100078251015486419E+01   -0.343362897673289780E+01    0.167179745087992444E+02
    0.597017335828045181E-02    0.105640315669904993E+03    0.225167144869075564E+02    0.196472578730494452E+00    0.102244706197759050E+01   -0.335743461208261218E+01    0.208871971237236735E+02
    0.618534616989922185E-02    0.105519501653261770E+03    0.200446305501234008E+02    0.203102680022224619E+00    0.926006873240393436E+00   -0.281839081238468925E+01    0.363130124818896860E+02
    0.608587144027083592E-02    0.105501927745536122E+03    0.208565001894492283E+02    0.187537494950682060E+00    0.795936875113441800E+00   -0.187267235322929326E+01    0.326147801492637015E+02
    0.622757237360946868E-02    0.105405894420942687E+03    0.197073124908169461E+02    0.309529636569036037E+00    0.114750239119341035E+01   -0.449657382043547926E+01    0.115379208304806973E+02
    0.630132114278961035E-02    0.105332348967112424E+03    0.245223296316398383E+02    0.184766472430965417E+00    0.995507810018162465E+00   -0.333121831966581095E+01    0.267893912076889116E+02
    0.617264455787927113E-02    0.105323612877091705E+03    0.181347566983618727E+02    0.189233317358684788E+00    0.104353487365933684E+01   -0.349686491777592190E+01    0.120870580130378720E+02
    0.607921910869902663E-02    0.105304115097026241E+03    0.240668934802197327E+02    0.160169686103666914E+00    0.115559874138527596E+01   -0.426433680404875304E+01    0.188909509544717871E+02
    0.625244985898713249E-02    0.105197920871580322E+03    0.237743752844763137E+02    0.167127521376226107E+00    0.104392742962864049E+01   -0.379980615737759564E+01    0.246959412526744053E+02
    0.640052279135724239E-02    0.105101108253988528E+03    0.202513304280106325E+02    0.203059140239498864E+00    0.100762303562486100E+01   -0.345449871838945466E+01    0.273294913110971365E+02
    0.624290747497218204E-02    0.105100975569614164E+03    0.187221591695365142E+02    0.291744681212135093E+00    0.937445513782022788E+00   -0.304320658523445209E+01    0.244453215853081289E+02
    0.620251520674373630E-02    0.105063957823761029E+03    0.214975426296099172E+02    0.168960760392492498E+00    0.121100416172121639E+01   -0.475957800335886372E+01    0.203648297385124621E+02
    0.620160742697310925E-02    0.105014250558619935E+03    0.227044731970945293E+02    0.160533693738845767E+00    0.924429151239284264E+00   -0.287716530771502343E+01    0.203309028394046223E+02
    0.610735365760732823E-02    0.104994880474812931E+03    0.165330386822838769E+02    0.253965548687050735E+00    0.967486584883618828E+00   -0.300597075552074999E+01    0.205234735673658406E+02
    0.603143708099589029E-02    0.104969896991877064E+03    0.239999539348581123E+02    0.172834037846203908E+00    0.121870470616302584E+01   -0.472232854494230203E+01    0.941897125064589602E+01
    0.608066867927723863E-02    0.104903638260196715E+03    0.180014002705727236E+02    0.237953143271454198E+00    0.960078192129604546E+00   -0.307010142095713423E+01    0.175364778150679754E+02
    0.593857864456883485E-02    0.104900927961716462E+03    0.204289321667092061E+02    0.193384827924369118E+00    0.808115796548300458E+00   -0.195687564515805601E+01    0.392889533940671711E+02
    0.586037225706108160E-02    0.104877441347012606E+03    0.174639371361559164E+02    0.285780500130573711E+00    0.887485264540650132E+00   -0.261150210224080848E+01    0.256008764813847520E+02
    0.578066321084728940E-02    0.104854830763420665E+03    0.197905218835599435E+02    0.221176213012568734E+00    0.876527501447566859E+00   -0.240801160939390035E+01    0.320248651014687624E+02
    0.577998029717730500E-02    0.104805067052575438E+03    0.220394541454157498E+02    0.250566321834978178E+00    0.834239168672382903E+00   -0.234458839391898310E+01    0.313103494333880619E+02
    0.571879113815676032E-02    0.104776352713200097E+03    0.198909961678131282E+02    0.175188714590554157E+00    0.111361150512706786E+01   -0.409749058740940075E+01    0.223106239802193969E+02
    0.570606303023778617E-02    0.104730809002268558E+03    0.208033093327832255E+02    0.192659246715167737E+00    0.115207842083728451E+01   -0.414585573885356062E+01    0.165265556139902827E+02
    0.558618819929721649E-02    0.104723273283944820E+03    0.180576795090654514E+02    0.234541084661540167E+00    0.102371003012507900E+01   -0.347446874933974392E+01    0.226421140400849978E+02
    0.545150097215085002E-02    0.104722085643363641E+03    0.206991700170009025E+02    0.241978221763854140E+00    0.901394701050181490E+00   -0.281571366491339603E+01    0.214055880476312481E+02
    0.536055187099484555E-02    0.104705733738768501E+03    0.230251716682875980E+02    0.190213517055728143E+00    0.106982470675022334E+01   -0.369034053312188126E+01    0.152602926147598659E+02
    0.542632248447036825E-02    0.104631344309032187E+03    0.224767107166502242E+02    0.240773567059349936E+00    0.947263447226238009E+00   -0.302476874290834097E+01    0.187110772160074248E+02
    0.547318810952395970E-02    0.104564145036285737E+03    0.233423451973480880E+02    0.160469151182502878E+00    0.109845162196369062E+01   -0.403832296651017408E+01    0.254828824634956916E+02
    0.549226849304039737E-02    0.104507184850872605E+03    0.201113693277899870E+02    0.257753761454039498E+00    0.856012409781490402E+00   -0.239522990151724358E+01    0.296803951673640576E+02
    0.544089031638937421E-02    0.104475982183191022E+03    0.231369633950458926E+02    0.203744930373745081E+00    0.862235891144588762E+00   -0.249618661155742450E+01    0.265026967252869241E+02
    0.530906300065464749E-02    0.104475036879754711E+03    0.198762712871267198E+02    0.287933555862222246E+00    0.108984837010638969E+01   -0.402269413658894326E+01    0.135778860647735122E+02
    0.530882998165057001E-02    0.104425124663274261E+03    0.191394167594369229E+02    0.217225854464841162E+00    0.100566317917018688E+01   -0.341517238948078683E+01    0.230469162095546878E+02
    0.518281765000235765E-02    0.104423169887822127E+03    0.199788536777727579E+02    0.162193101232226605E+00    0.113243750403221344E+01   -0.387798059148000585E+01    0.187913174539060002E+02
    0.505821080463030297E-02    0.104421841950653203E+03    0.190161039474496079E+02    0.315520631428208465E+00    0.923073441541211737E+00   -0.292929373345647193E+01    0.174530661444523325E+02
    0.498438479703741145E-02    0.104401247630400547E+03    0.194906562582994631E+02    0.206899394461113578E+00    0.110894898002368381E+01   -0.411474487575616976E+01    0.166473149478533315E+02
    0.492241426709491385E-02    0.104376269370662428E+03    0.219773275795790717E+02    0.165353947910999083E+00    0.118469354862588960E+01   -0.454121781849031692E+01    0.209367737964638856E+02
    0.481616372671699565E-02    0.104369912192666689E+03    0.209759632418125577E+02    0.186410436146336539E+00    0.114308192380987261E+01   -0.404748979721820312E+01    0.122067508685959218E+02
    0.477329982926218317E-02    0.104337791892685786E+03    0.168126375328159838E+02    0.159398055631878866E+00    0.102210350563556096E+01   -0.308557997600571632E+01    0.240362065614504701E+02
    0.469011826510719928E-02    0.104322952003184611E+03    0.202873594843025415E+02    0.275859647223053506E+00    0.111399983054555940E+01   -0.427262053784950879E+01    0.122633725494074923E+02
    0.457809871864408181E-02    0.104321300030339771E+03    0.183658617151725352E+02    0.182273014565041108E+00    0.846348817020430522E+00   -0.217745259802565272E+01    0.355391841869755112E+02
    0.461082934423236862E-02    0.104257052116420084E+03    0.180081387536492663E+02    0.177759354822057958E+00    0.864841800885383316E+00   -0.224032120610965846E+01    0.277052542524078120E+02
    0.449843085038991071E-02    0.104256410328240719E+03    0.166353233050750084E+02    0.189193755225940285E+00    0.114371622648333937E+01   -0.398699672607745903E+01    0.142454670710068569E+02
    0.448138169345919067E-02    0.104214004775155217E+03    0.182592188954267307E+02    0.180792499164113968E+00    0.102641760234736412E+01   -0.316748800000163833E+01    0.209616452714417179E+02
    0.440043235625242526E-02    0.104200462002583890E+03    0.221294342154777368E+02    0.189251402143071373E+00    0.107959896061723448E+01   -0.379261447892933434E+01    0.111943396846025394E+02
    0.432131968821198274E-02    0.104186745922370903E+03    0.231357588235048510E+02    0.215827118700192722E+00    0.980137427736546774E+00   -0.339200564271225247E+01    0.207889345027614283E+02
    0.424908679431473292E-02    0.104170459424502482E+03    0.187623253715731302E+02    0.223945834365964686E+00    0.118120011863633612E+01   -0.446447539021466788E+01    0.926647745520733679E+01
    0.414913671187689456E-02    0.104168067017609246E+03    0.179205921808965982E+02    0.242254090214192280E+00    0.110165611867641178E+01   -0.385729924544983493E+01    0.152329628988820787E+02
    0.405114343728731931E-02    0.104165869257416290E+03    0.186340754475273158E+02    0.179450274250139402E+00    0.977685015337769747E+00   -0.307101394410857109E+01    0.306447070787967526E+02
    0.399630250659458244E-02    0.104143128479802598E+03    0.174720835474844485E+02    0.175601392743767654E+00    0.100859738330348803E+01   -0.320282634843476988E+01    0.185631408133671414E+02
    0.656111552150051916E-02    0.103151337996336395E+03    0.185103223838775861E+02    0.166924155647750178E+00    0.958858564135473213E+00   -0.280885321906008611E+01    0.194016410204990137E+02
    0.613278513398717463E-02    0.103286361288105468E+03    0.192171741836440226E+02    0.190022222831048443E+00    0.950581653483937306E+00   -0.295639828181833275E+01    0.236285467767749182E+02
    0.408481170123360746E-02    0.104099108007192839E+03    0.244440729730436779E+02    0.195810610886958891E+00    0.108180133887994434E+01   -0.396036813809270072E+01    0.188313094916439425E+02
    0.688672629666246990E-02    0.103054467603861099E+03    0.221854028124474141E+02    0.182170542269177865E+00    0.120172340707922132E+01   -0.473695968834021564E+01    0.161476135118493964E+02
    0.512676804349312086E-02    0.103644708372098719E+03    0.229608183534573698E+02    0.207780998290196445E+00    0.976197283165406882E+00   -0.331134490387342284E+01    0.195642106022317037E+02
    0.602573893976394905E-02    0.103321579036432766E+03    0.183767613229261926E+02    0.216653978059910046E+00    0.101100698714595238E+01   -0.329869250352078325E+01    0.225958743026739199E+02
    0.558339326642133624E-02    0.103474065863693909E+03    0.227299156110063620E+02    0.195622574153957618E+00    0.120766867489103635E+01   -0.478634902712790478E+01    0.104316308854374888E+02
    0.932866829552562830E-02    0.102447474729206832E+03    0.217449175198410458E+02    0.164905412781641919E+00    0.116887224186999439E+01   -0.445190726104385792E+01    0.130401261261314936E+02
    0.424496000418738469E-02    0.104022194475643573E+03    0.248785612309306998E+02    0.159542474862071876E+00    0.970450638501232254E+00   -0.320825112821470082E+01    0.195421105475552181E+02
    0.469576905974658683E-02    0.103820335464876024E+03    0.203611116613830596E+02    0.174212923699652855E+00    0.952865947652855483E+00   -0.278390634153427952E+01    0.208929552758340833E+02
    0.939476584444064351E-02    0.102433353853089812E+03    0.195552380692297696E+02    0.213343246405623188E+00    0.107632571692270562E+01   -0.379696042290924574E+01    0.158959710845484707E+02
    0.608949756801658183E-02    0.103300528117010046E+03    0.196660822469559378E+02    0.226864748748473316E+00    0.943628985075548932E+00   -0.288513162073241336E+01    0.188644925172137121E+02
    0.418296923659884374E-02    0.104051616595261549E+03    0.178054695706109953E+02    0.271915880873667304E+00    0.956622112107710754E+00   -0.299963973562563968E+01    0.176769212776179856E+02
    0.464711121447268765E-02    0.103841167706658041E+03    0.185657062406879589E+02    0.269720517690857975E+00    0.107196486511860223E+01   -0.382335606469040901E+01    0.127696053427153906E+02
    0.457317143659722453E-02    0.103873245405669309E+03    0.182433136144477963E+02    0.165216606829899137E+00    0.946195493763480222E+00   -0.267042820671877390E+01    0.294276766507629013E+02
    0.541103760039679527E-02    0.103536777536317913E+03    0.212447102728053778E+02    0.229897351110203901E+00    0.117324987194467112E+01   -0.460812613370890922E+01    0.133503869580188628E+02
    0.449757523978723973E-02    0.103906582439454723E+03    0.211771807913759886E+02    0.245895217705321190E+00    0.115403937592064776E+01   -0.444824202906105004E+01    0.104924373960378894E+02
    0.469496097782236103E-02    0.103820679668967955E+03    0.237747805929630047E+02    0.179285912179372980E+00    0.114044782776072640E+01   -0.434287221466085516E+01    0.113542079505277940E+02
    0.414354273423089055E-02    0.104070556961728272E+03    0.189079524290954879E+02    0.270789134748026072E+00    0.942217463533600252E+00   -0.302719803618010763E+01    0.234417596057420496E+02
    0.459047940080415783E-02    0.103865690344877180E+03    0.215754912551170115E+02    0.159760847176239729E+00    0.101981451774835508E+01   -0.345696370335593528E+01    0.298712953916585100E+02
    0.604289735752739504E-02    0.103315892087583961E+03    0.199552883116202011E+02    0.242362577302933285E+00    0.920040855022861814E+00   -0.284778361500254640E+01    0.251841704222510394E+02
    0.475023887132680189E-02    0.103797269460388449E+03    0.175855064489635637E+02    0.196591208854315913E+00    0.108282606294073291E+01   -0.371867889508983840E+01    0.202169839554174757E+02
    0.557729483240785012E-02    0.103476251547790213E+03    0.195419178306201431E+02    0.224027607050802241E+00    0.988941735227636731E+00   -0.329418579104802722E+01    0.178454188432144036E+02
    0.631415011380682002E-02    0.103228072942135896E+03    0.206820613977171632E+02    0.216203478046529646E+00    0.122224248562041149E+01   -0.476591165121579508E+01    0.110240510619166301E+02
    0.523591614159366840E-02    0.103602575606991479E+03    0.207403624406040308E+02    0.165275725559971026E+00    0.878323824798461272E+00   -0.241654990049442242E+01    0.245315793857853848E+02
    0.559786599908894920E-02    0.103468888364306224E+03    0.180259201986703985E+02    0.182108436403605717E+00    0.104087786650005021E+01   -0.328469228647460820E+01    0.195257775691414928E+02
    0.694013778720254347E-02    0.103039016014582671E+03    0.199884292571143227E+02    0.214921766051331176E+00    0.987213579480632375E+00   -0.324595306738958245E+01    0.169573944676666066E+02
    0.469484371260521331E-02    0.103820729623241121E+03    0.217086423324556037E+02    0.197160098402238720E+00    0.103234477550880088E+01   -0.342236250280769916E+01    0.172058008068196315E+02
    0.406496850211264440E-02    0.104108847282529467E+03    0.202760339101669267E+02    0.221204668253816544E+00    0.993882402136996190E+00   -0.331572861763592464E+01    0.262460388274841279E+02
    0.937057982452784571E-02    0.102438509320776248E+03    0.223453955511745619E+02    0.161427716016122408E+00    0.951570607832387783E+00   -0.299232416615791230E+01    0.275659272254808450E+02
    0.555069270927237551E-02    0.103485813806450579E+03    0.187093450534156709E+02    0.182012301779062663E+00    0.958384157012903581E+00   -0.286326589959777733E+01    0.296020643710668026E+02
    0.460191376222882000E-02    0.103860714766866423E+03    0.236629605815118182E+02    0.169132453933127147E+00    0.948634186117695011E+00   -0.307896528353067689E+01    0.224408055665382449E+02
    0.450190480112464420E-02    0.103904658078646435E+03    0.199923374439571049E+02    0.159717409029461160E+00    0.103049864779473777E+01   -0.336614537979417916E+01    0.294097748926668316E+02
    0.912985404847388611E-02    0.102490559854252012E+03    0.216083383398164557E+02    0.186746226228368922E+00    0.954799167279445360E+00   -0.299179668444211178E+01    0.252314622189510587E+02
    0.445139596080639487E-02    0.103927223779268417E+03    0.181406222609192120E+02    0.226195321830345408E+00    0.105531002189897594E+01   -0.349495986243099832E+01    0.167211159904552673E+02
    0.748881946386008301E-02    0.102886836931084190E+03    0.190224482920057341E+02    0.225205929129428356E+00    0.109976082877216563E+01   -0.389213652146976186E+01    0.145291754391970862E+02
    0.526296400078481857E-02    0.103592270538769128E+03    0.199910921241612130E+02    0.246750405364127845E+00    0.101482847800148823E+01   -0.353647370324948307E+01    0.196696749857043542E+02
    0.503808700045234314E-02    0.103679606378096338E+03    0.214191407833373120E+02    0.259504545051403079E+00    0.106744781673029387E+01   -0.393198218393051135E+01    0.140900319116250188E+02
    0.434973750792901851E-02    0.103973428270803325E+03    0.185041085393020595E+02    0.201525793449340740E+00    0.878326231126813184E+00   -0.239957972239142503E+01    0.338907951453611673E+02
    0.503751406158140218E-02    0.103679833834053767E+03    0.254778274577528698E+02    0.164712389268540149E+00    0.118618492958585309E+01   -0.473102945954399789E+01    0.139544942180079232E+02
