    0.435592903708390224E+02    0.184646249902661153E+00    0.593347677307334953E+00   -0.859490137313539848E+00    0.111187508588820890E+03   -0.678081424786495717E+02
    0.480322556997849404E+02    0.270965825725311138E+00    0.692076534833689472E+00   -0.175012977351677512E+01    0.349883945442353479E+02   -0.650015183326528074E+02
    0.354924971438873484E+02    0.177975687328412874E+00    0.733694220622337578E+00   -0.155157196401396114E+01    0.164787684648980282E+02   -0.643727907164271045E+02
    0.328329004342831325E+02    0.206259209290325568E+00    0.615371973293482144E+00   -0.797132622672524827E+00    0.641225045496806416E+02   -0.640084600207565444E+02
    0.227375645737254573E+02    0.101838441378522404E+01    0.391774178213755098E+00   -0.126617476617673475E+00    0.101057327948572251E+03   -0.637421064089176141E+02
    0.359553382191429733E+02    0.262377831592905453E+00    0.686289659667362772E+00   -0.139342531329549812E+01    0.760807706932130827E+02   -0.632877102096395774E+02
    0.251309004526359132E+02    0.177746512863955514E+00    0.764426787615071546E+00   -0.148277355672612021E+01    0.203749818432704650E+02   -0.629982233916359888E+02
    0.304019235316488263E+02    0.111791994490030699E+01    0.421964713245393641E+00   -0.652822316364408572E+00    0.578976280702354700E+02   -0.627751550519400254E+02
    0.417579482837846783E+02    0.312836392896041149E+00    0.697463334730476059E+00   -0.179645979931009392E+01    0.392118754968363561E+02   -0.627582231209857255E+02
    0.274745911910924434E+02    0.289095628762774060E+00    0.663076558020789908E+00   -0.129862662584894917E+01    0.664213033807123310E+02   -0.627538357398003868E+02
    0.280929954898948075E+02    0.266721293502923673E+00    0.657677440515383349E+00   -0.114091856789504642E+01    0.890569767128325793E+02   -0.626344479670385468E+02
    0.210509707106394224E+02    0.291732204314511356E+00    0.713844651700409782E+00   -0.130452500979174735E+01    0.501436047184493674E+02   -0.625934210506609361E+02
    0.351167705340286176E+02    0.524191453162464627E+00    0.783803141936657233E+00   -0.250508562232532972E+01    0.184764127972169945E+02   -0.622544215969773020E+02
    0.386786384682425961E+02    0.296948921367325092E+00    0.747117232332951353E+00   -0.217892233057499229E+01    0.515787885988797825E+02   -0.622153989715447509E+02
    0.517575081518737790E+02    0.195237619981582844E+00    0.816666637051175814E+00   -0.261378941790417674E+01    0.435668065721735331E+02   -0.620121592588294206E+02
    0.429318813980495833E+02    0.270138959790431121E+00    0.791823153446036709E+00   -0.239707092109683106E+01    0.569339364975039075E+02   -0.619604895194175498E+02
    0.367898785483912718E+02    0.316471612759060550E+00    0.879132970787677603E+00   -0.273614113788716651E+01    0.205438843049962188E+02   -0.618927616912497456E+02
    0.339806908704845654E+02    0.369595313420759963E+00    0.676794387801921471E+00   -0.165093083881869584E+01    0.416553899431554271E+02   -0.618698836270850592E+02
    0.282088732957652368E+02    0.412909318871747533E+00    0.766605894206818905E+00   -0.197287801338721502E+01    0.352345730884126453E+02   -0.618361912869313173E+02
    0.282687201638417882E+02    0.210330091271542119E+00    0.704353183812742922E+00   -0.145816015494226692E+01    0.603136431275728597E+02   -0.618080311027222322E+02
    0.331345408026945307E+02    0.271644328790695444E+00    0.662592308048466916E+00   -0.124141781079704328E+01    0.667150230088333132E+02   -0.617751164976012106E+02
    0.375764069095281599E+02    0.101992630581228183E+01    0.362493429988131777E+00   -0.519881692083973279E-01    0.983018061901259017E+02   -0.616987226651864162E+02
    0.283371452820304128E+02    0.118685154950485017E+01    0.341480774188977376E+00    0.171507123376082565E+00    0.851363226870838332E+02   -0.616710398957738590E+02
    0.273096784959086918E+02    0.181118359808281587E+00    0.796311339046107403E+00   -0.177998251109637140E+01    0.177201405038681941E+02   -0.616264208554307515E+02
    0.361968989773752270E+02    0.197705505905559048E+00    0.709099430063346192E+00   -0.151589393436466158E+01    0.751543985865908013E+02   -0.614894139221936769E+02
    0.359169270663668385E+02    0.141966948976635865E+01    0.402140213754984432E+00   -0.647833681134797557E+00    0.256086080822515818E+02   -0.613856141507494470E+02
    0.390600308364456481E+02    0.306975736954156364E+00    0.773045601067156030E+00   -0.227902922617436099E+01    0.561306485489602522E+02   -0.613206483533253248E+02
    0.231668736438181853E+02    0.276041896528134656E+00    0.752470545899592058E+00   -0.176611599204667780E+01    0.549292188879824295E+02   -0.613182795194982333E+02
    0.317602746476096627E+02    0.401283403642949343E+00    0.789095956116557917E+00   -0.222028350371496286E+01    0.200268668512851313E+02   -0.611894496463778452E+02
    0.336019746678742308E+02    0.266011733925852978E+00    0.859416645188857520E+00   -0.246641466377905116E+01    0.393024433989633550E+02   -0.611017557526020880E+02
    0.408391721481113663E+02    0.213433439290304394E+00    0.771471201294860798E+00   -0.216046568496133284E+01    0.361637193179416983E+02   -0.610936350489120130E+02
    0.284467735216692326E+02    0.199550587601029950E+00    0.729223470823344044E+00   -0.137471367360158281E+01    0.412115411154966722E+02   -0.610521107667262939E+02
    0.391690422716126676E+02    0.327815020664227241E+00    0.802501860820244106E+00   -0.266049553860204124E+01    0.363738602785308984E+02   -0.609830706451045828E+02
    0.326325577424498192E+02    0.250725639843205450E+00    0.809405563920752025E+00   -0.207019772539707958E+01    0.240141444763099159E+02   -0.609775779371318265E+02
    0.405788086357643749E+02    0.196475572395371806E+00    0.850694802873316669E+00   -0.248635520798510434E+01    0.486066669723903857E+02   -0.609726287864816641E+02
    0.364156691497583438E+02    0.209532421507471006E+00    0.800121795474386777E+00   -0.201856596368407848E+01    0.417450214867235161E+02   -0.608990695917251870E+02
    0.329412431513276402E+02    0.211951845381347120E+00    0.860243600494082328E+00   -0.233931272726720341E+01    0.446277778052870815E+02   -0.608243843974631275E+02
    0.370750755632157052E+02    0.410738004108409827E+00    0.830197476063921469E+00   -0.269931495742395544E+01    0.206982365133743613E+02   -0.607323941129459826E+02
    0.262335607873735555E+02    0.367783703784013649E+00    0.809444328994058049E+00   -0.211491243030744247E+01    0.258593086003298680E+02   -0.606962426156543557E+02
    0.481545179013238425E+02    0.193405519196204412E+00    0.931793225045909002E+00   -0.321246217961959157E+01    0.250913458515462082E+02   -0.606838796818143749E+02
    0.252997079210496771E+02    0.251864867353803368E+00    0.776864635830989969E+00   -0.176700985453405179E+01    0.589409016444188154E+02   -0.606385377530694711E+02
    0.282644085409985379E+02    0.293777124246223820E+00    0.809767693632124752E+00   -0.206930284971237333E+01    0.203750841216557781E+02   -0.604827578054925041E+02
    0.373463154181057746E+02    0.474678993226723689E+00    0.764835240184644549E+00   -0.254365095457812940E+01    0.231804493922474109E+02   -0.604534833497159028E+02
    0.246906530971483065E+02    0.344661984210254124E+00    0.686969709613203139E+00   -0.139078593116202143E+01    0.465433242776523457E+02   -0.604526881206553810E+02
    0.359122301324665472E+02    0.418753686421974969E+00    0.753727576011938738E+00   -0.232203021963005884E+01    0.239886161310707351E+02   -0.604245424433541132E+02
    0.388707325559197443E+02    0.226375574387364165E+00    0.854891227247389196E+00   -0.251229798914768532E+01    0.384399630606678073E+02   -0.603977845427308679E+02
    0.358578683294743144E+02    0.448239040304010961E+00    0.814687728937132483E+00   -0.285066920696468440E+01    0.152831090625611559E+02   -0.603642342978742903E+02
    0.262380991555109517E+02    0.329360417739005429E+00    0.764196513595982507E+00   -0.184024225843680589E+01    0.496495527330678499E+02   -0.603533915025282326E+02
    0.382210079683070845E+02    0.268475327903595795E+00    0.798773487268810700E+00   -0.227623355613170952E+01    0.478751930099380942E+02   -0.603413216975405078E+02
    0.331681766346796607E+02    0.185612250569693576E+00    0.870900285513601324E+00   -0.233601182398653151E+01    0.400939801779712255E+02   -0.603401642488353218E+02
    0.265033637617973028E+02    0.217152854969390990E+00    0.766881122141947258E+00   -0.161621360311796947E+01    0.344201225744178814E+02   -0.602536875155915084E+02
    0.304913557141417328E+02    0.211799351656006524E+00    0.722309126850966821E+00   -0.144664705502952406E+01    0.522783757838308674E+02   -0.602194220914958720E+02
    0.352887690504549383E+02    0.370010625889176714E+00    0.775156991458296640E+00   -0.243843604369585254E+01    0.348396607889107699E+02   -0.601371133629049908E+02
    0.270988341095954937E+02    0.185799324628842383E+00    0.723803781690985248E+00   -0.141507077685513316E+01    0.585745751569517950E+02   -0.600535162111091765E+02
    0.483726320763785083E+02    0.212853735275940703E+00    0.909150564564243813E+00   -0.320319461502681468E+01    0.344954343342285767E+02   -0.600282188769233400E+02
    0.483726320763785083E+02    0.212853735275940703E+00    0.909150564564243813E+00   -0.320319461502681468E+01    0.344954343342285767E+02   -0.600282188769233400E+02
    0.220006671338515574E+02    0.588808472760865897E+00    0.784093683765341498E+00   -0.236102050144515063E+01    0.136047964714086138E+02   -0.600234394672723184E+02
    0.289028731179000218E+02    0.288333647333666898E+00    0.718371897363739076E+00   -0.153030658751516491E+01    0.470396369099230469E+02   -0.599957287381871964E+02
    0.234481762746795184E+02    0.284690834814402216E+00    0.821315746206387032E+00   -0.200054131074675245E+01    0.300387353290472632E+02   -0.599880207027230199E+02
    0.234481762746795184E+02    0.284690834814402216E+00    0.821315746206387032E+00   -0.200054131074675245E+01    0.300387353290472632E+02   -0.599880207027230199E+02
    0.326013884216510235E+02    0.245061576743411086E+00    0.871652536753434237E+00   -0.249147522165892266E+01    0.200009083323520969E+02   -0.599187993094514226E+02
    0.326013884216510235E+02    0.245061576743411086E+00    0.871652536753434237E+00   -0.249147522165892266E+01    0.200009083323520969E+02   -0.599187993094514226E+02
    0.318770181137231177E+02    0.487130601097763183E+00    0.790505668143359541E+00   -0.252450714222690475E+01    0.153939915960110572E+02   -0.598500852656270368E+02
    0.315839880177935086E+02    0.298496461565968152E+00    0.873354888236750782E+00   -0.259302157340359285E+01    0.182652200477190121E+02   -0.598262538500649086E+02
    0.239867405422017086E+02    0.381053489203172890E+00    0.817534253078253670E+00   -0.233179161963771708E+01    0.423251069012319192E+02   -0.598144444443384486E+02
    0.278641794975487116E+02    0.234817937319168724E+00    0.795636958014010021E+00   -0.184465677420793983E+01    0.359957309608679381E+02   -0.598029787400699817E+02
    0.408608626720163102E+02    0.353784615677731284E+00    0.899515883037296349E+00   -0.327482194671611593E+01    0.286018572728189930E+02   -0.597383122757322127E+02
    0.393090346470356380E+02    0.222869998917080481E+00    0.815734138944402609E+00   -0.237518174571967355E+01    0.276870560358272044E+02   -0.597359380158750284E+02
    0.247008848911846499E+02    0.326295844279646308E+00    0.816963517598321420E+00   -0.216131753436359864E+01    0.177667032845099371E+02   -0.597225412868174743E+02
    0.357809887679645442E+02    0.255937252204057719E+00    0.926302929231352490E+00   -0.297556288347685660E+01    0.294841809135001185E+02   -0.597138296828997568E+02
    0.410312891670667668E+02    0.316163295954118240E+00    0.871134743603681261E+00   -0.294342044422977089E+01    0.245669198073047070E+02   -0.597048157194358495E+02
    0.241303277321024545E+02    0.206894635157223755E+00    0.777887203110239289E+00   -0.166853492810035231E+01    0.482754370821301322E+02   -0.597034854421191028E+02
    0.285957394939881020E+02    0.178746681434025861E+00    0.802315605833021750E+00   -0.180844317865209381E+01    0.341486563260939846E+02   -0.596896877719405694E+02
    0.344757731975918134E+02    0.415490200698865497E+00    0.896170637046047380E+00   -0.314281151778440249E+01    0.139573875420151712E+02   -0.596689469819824652E+02
    0.322953687756308341E+02    0.329377947143491723E+00    0.721113806777297750E+00   -0.177953785578785428E+01    0.412365181876222380E+02   -0.596184292063029488E+02
    0.354640660564141825E+02    0.189161048758802186E+00    0.951187159593621434E+00   -0.293804802171023649E+01    0.281847131669374065E+02   -0.596117856205996191E+02
    0.339021620212700157E+02    0.469530652265533588E+00    0.828991013024266477E+00   -0.281009258145850449E+01    0.155949073844818287E+02   -0.596019322498161017E+02
    0.329522789214351235E+02    0.211461960886035083E+00    0.886727093869719041E+00   -0.261267691275605829E+01    0.468852653225336411E+02   -0.595466873517072841E+02
    0.261317196761824420E+02    0.176903021760442564E+00    0.849275114015106025E+00   -0.207579212242722821E+01    0.510949970856924125E+02   -0.595434002271732936E+02
    0.261317196761824420E+02    0.176903021760442564E+00    0.849275114015106025E+00   -0.207579212242722821E+01    0.510949970856924125E+02   -0.595434002271732936E+02
    0.398320696608277984E+02    0.192673676541216976E+00    0.835656602947526306E+00   -0.242826017348582734E+01    0.482866256775675140E+02   -0.595244479588014244E+02
    0.298022891807985815E+02    0.485470441114459583E+00    0.710600221303542501E+00   -0.193371949226216122E+01    0.374749717157058413E+02   -0.595053727599783500E+02
    0.400336677044351319E+02    0.378492802206737811E+00    0.886656169985813758E+00   -0.329168751935031656E+01    0.294520596946724709E+02   -0.594775621528084315E+02
    0.400336677044351319E+02    0.378492802206737811E+00    0.886656169985813758E+00   -0.329168751935031656E+01    0.294520596946724709E+02   -0.594775621528084315E+02
    0.339777585162799198E+02    0.338174038220146522E+00    0.856247419321973458E+00   -0.275097276547630631E+01    0.152527033755386547E+02   -0.592980626220274871E+02
    0.243673587103985092E+02    0.198272545848165394E+00    0.832161104299155019E+00   -0.200365984465500624E+01    0.490767265543035904E+02   -0.592587569016725553E+02
    0.430438207756521365E+02    0.262994083265712053E+00    0.887015424390499740E+00   -0.311302419785122630E+01    0.246490050349939480E+02   -0.592539086757690754E+02
    0.291056253286622351E+02    0.251797730729813596E+00    0.768326346256217096E+00   -0.197343413572828830E+01    0.378953161062028911E+02   -0.592303779244341229E+02
    0.291056253286622351E+02    0.251797730729813596E+00    0.768326346256217096E+00   -0.197343413572828830E+01    0.378953161062028911E+02   -0.592303779244341229E+02
    0.297949604327870468E+02    0.509372597132883520E+00    0.810532536452553187E+00   -0.261668000098010189E+01    0.185899199167121587E+02   -0.592072088524525881E+02
    0.337763230384227313E+02    0.293393421143660349E+00    0.985957653659234268E+00   -0.339960826681105344E+01    0.173934336860035259E+02   -0.591964951614372126E+02
    0.337763230384227313E+02    0.293393421143660349E+00    0.985957653659234268E+00   -0.339960826681105344E+01    0.173934336860035259E+02   -0.591964951614372126E+02
    0.415812944952866843E+02    0.346975335103265725E+00    0.922728896461295189E+00   -0.344369313940924826E+01    0.200908420622895463E+02   -0.591749651013817726E+02
    0.315098787086018852E+02    0.245381800436153846E+00    0.770044475609371171E+00   -0.202938617408341493E+01    0.426270076357516672E+02   -0.591032615689119396E+02
    0.286075491308876693E+02    0.333789728227499749E+00    0.738644955202046649E+00   -0.177904723875151261E+01    0.391213188927949957E+02   -0.590807434216564431E+02
    0.299758230304902398E+02    0.340038002135099104E+00    0.884530321212560366E+00   -0.275766249840235123E+01    0.157694800000627744E+02   -0.590282260463045745E+02
    0.299758230304902398E+02    0.340038002135099104E+00    0.884530321212560366E+00   -0.275766249840235123E+01    0.157694800000627744E+02   -0.590282260463045745E+02
    0.356424021116551231E+02    0.199201952398476489E+00    0.915051742780873534E+00   -0.279583084789157654E+01    0.359740778446913225E+02   -0.590066571162214046E+02
    0.294391474923386340E+02    0.238567413670615014E+00    0.796076196934495051E+00   -0.197276349871498557E+01    0.483836475553476646E+02   -0.589609632739770007E+02
    0.441481019500758407E+02    0.253979937841124936E+00    0.922498487282481960E+00   -0.333292119382803387E+01    0.261044574058740260E+02   -0.588871167429099458E+02
    0.360445249560714416E+02    0.217729080408727876E+00    0.791263553781811790E+00   -0.211666422578191060E+01    0.418456706600952302E+02   -0.588837339659143666E+02
    0.360445249560714416E+02    0.217729080408727876E+00    0.791263553781811790E+00   -0.211666422578191060E+01    0.418456706600952302E+02   -0.588837339659143666E+02
    0.307976431971214879E+02    0.234460024243587112E+00    0.802683478518441684E+00   -0.209467812653417340E+01    0.259667908992584948E+02   -0.588557588279067616E+02
    0.307976431971214879E+02    0.234460024243587112E+00    0.802683478518441684E+00   -0.209467812653417340E+01    0.259667908992584948E+02   -0.588557588279067616E+02
    0.279199339961157342E+02    0.347665894630399486E+00    0.750014840465956900E+00   -0.189011596265158044E+01    0.313968450978685354E+02   -0.588299614057045588E+02
    0.279199339961157342E+02    0.347665894630399486E+00    0.750014840465956900E+00   -0.189011596265158044E+01    0.313968450978685354E+02   -0.588299614057045588E+02
    0.293909227562204620E+02    0.231303864129187825E+00    0.835007060034903326E+00   -0.224284197734170476E+01    0.496330065101259166E+02   -0.588234091759654376E+02
    0.274586267440590142E+02    0.240747509805239984E+00    0.839294468734309018E+00   -0.219467750331671985E+01    0.434309899553529490E+02   -0.588032219121243926E+02
    0.394846488204541188E+02    0.249060668184787642E+00    0.890254949483361813E+00   -0.292576350586507505E+01    0.228660443681927070E+02   -0.587987324843687276E+02
    0.394846488204541188E+02    0.249060668184787642E+00    0.890254949483361813E+00   -0.292576350586507505E+01    0.228660443681927070E+02   -0.587987324843687276E+02
    0.308144018945734466E+02    0.269792033471706605E+00    0.759831345835993432E+00   -0.188528770877529794E+01    0.373514632519559484E+02   -0.587978870808808338E+02
    0.244035591050244598E+02    0.237973519193480337E+00    0.864608635782157298E+00   -0.229458042965993814E+01    0.413892829480736850E+02   -0.587417536120182859E+02
    0.244035591050244598E+02    0.237973519193480337E+00    0.864608635782157298E+00   -0.229458042965993814E+01    0.413892829480736850E+02   -0.587417536120182859E+02
    0.280581476602302615E+02    0.176638562075181638E+00    0.829899228714567561E+00   -0.199787077027942628E+01    0.333000572142678308E+02   -0.587335636038323301E+02
    0.280581476602302615E+02    0.176638562075181638E+00    0.829899228714567561E+00   -0.199787077027942628E+01    0.333000572142678308E+02   -0.587335636038323301E+02
    0.340598198954008495E+02    0.227618201476313592E+00    0.813800959886775921E+00   -0.224616664350291240E+01    0.499385010873062072E+02   -0.587304839706584829E+02
    0.340598198954008495E+02    0.227618201476313592E+00    0.813800959886775921E+00   -0.224616664350291240E+01    0.499385010873062072E+02   -0.587304839706584829E+02
    0.250968206859508989E+02    0.340244522965221174E+00    0.801663291014741319E+00   -0.221277815341021178E+01    0.441497796349149070E+02   -0.587240983455384153E+02
    0.250968206859508989E+02    0.340244522965221174E+00    0.801663291014741319E+00   -0.221277815341021178E+01    0.441497796349149070E+02   -0.587240983455384153E+02
    0.276672003257118106E+02    0.218416054136721077E+00    0.887703877159882637E+00   -0.242537379785670826E+01    0.225800739747693520E+02   -0.587197614716640857E+02
    0.371194158384189734E+02    0.191238797152006229E+00    0.923108319667831911E+00   -0.289898839877214831E+01    0.217220706314557113E+02   -0.586892111800632748E+02
    0.288481800952437339E+02    0.329077472562269380E+00    0.882300349555043217E+00   -0.268064259433752516E+01    0.182170232943653971E+02   -0.586749741374633444E+02
    0.358779041498359064E+02    0.212889170642006575E+00    0.819891529059346480E+00   -0.229500411670589921E+01    0.312976898051674581E+02   -0.586731363712216449E+02
    0.314064757246349231E+02    0.211349027472245127E+00    0.925909728117782715E+00   -0.274774551685776469E+01    0.308055180948152696E+02   -0.586683823034847265E+02
    0.253093784703523781E+02    0.231516063649336495E+00    0.872594213943588493E+00   -0.230036488869725453E+01    0.267001384874172025E+02   -0.586505204059403056E+02
    0.335334932148258673E+02    0.290093969847246558E+00    0.825964221638665896E+00   -0.239327834526261629E+01    0.365264804253986313E+02   -0.586461815335738947E+02
    0.379663894418822991E+02    0.244947900731313783E+00    0.959304639619152022E+00   -0.328152265888011785E+01    0.226717711413105079E+02   -0.586199062350145610E+02
    0.266388806110821363E+02    0.351324142590005051E+00    0.796934169576383300E+00   -0.216083246636242565E+01    0.228306521458467806E+02   -0.586086664817769076E+02
    0.344783564346152644E+02    0.318476117881920429E+00    0.833607298683537778E+00   -0.253279072158395913E+01    0.293080888946790417E+02   -0.585896069180268952E+02
    0.351830187907876279E+02    0.222581650723617491E+00    0.821271421672299273E+00   -0.234837752182037507E+01    0.492589645982934741E+02   -0.585707144790594896E+02
    0.409954976286316111E+02    0.130451249022743410E+01    0.405813377057855917E+00   -0.832298009468635192E+00    0.348636151106060765E+02   -0.585563006712781728E+02
    0.331910771445733417E+02    0.280474701339337662E+00    0.802160128480230106E+00   -0.221867833023911176E+01    0.335821589143166364E+02   -0.585323022048740569E+02
    0.331910771445733417E+02    0.280474701339337662E+00    0.802160128480230106E+00   -0.221867833023911176E+01    0.335821589143166364E+02   -0.585323022048740569E+02
    0.298309763098353002E+02    0.230911758790030175E+00    0.899103668945507084E+00   -0.257474182426080755E+01    0.272298752585639221E+02   -0.585215579477459684E+02
    0.276311495714082369E+02    0.482867785728040511E+00    0.750834880250669467E+00   -0.219617194399132831E+01    0.325191848016543119E+02   -0.585058960128584999E+02
    0.320907929896727779E+02    0.196786774006162291E+00    0.906199766349425784E+00   -0.261401142908494677E+01    0.271372712966460092E+02   -0.584886320650264011E+02
    0.375436760580662394E+02    0.250004397824789670E+00    0.830950943729936387E+00   -0.254651425084956085E+01    0.391953194722308496E+02   -0.584613786655554080E+02
    0.303935303704421749E+02    0.275635614252676797E+00    0.889532379910961124E+00   -0.265805101637363217E+01    0.307473780609309557E+02   -0.584556181754367685E+02
    0.358408219284208229E+02    0.269797352547522795E+00    0.830538831762124841E+00   -0.249405089934975877E+01    0.282781932613772327E+02   -0.584394414790315437E+02
    0.278596494258060190E+02    0.442149895941165216E+00    0.829044162576164423E+00   -0.257461985729319620E+01    0.186114423902056281E+02   -0.584064214390574037E+02
    0.244677945363647176E+02    0.366130254599163263E+00    0.789013369888039717E+00   -0.211011519016352977E+01    0.268981768701681361E+02   -0.584002949134109954E+02
    0.292055385096694806E+02    0.440498612668737410E+00    0.849323057020970218E+00   -0.275485199913144507E+01    0.238020028917770397E+02   -0.583662525404812698E+02
    0.271371987270095190E+02    0.478315333377414831E+00    0.770263991418959626E+00   -0.230642881497388208E+01    0.320935952434249643E+02   -0.583542273955327957E+02
    0.281714513717830712E+02    0.295390197554688205E+00    0.764835741858738039E+00   -0.193058044979942389E+01    0.406910742645657066E+02   -0.583352695243761943E+02
    0.292768350405697717E+02    0.192868286314672288E+00    0.864689063209026609E+00   -0.227541910620739651E+01    0.345319067145802876E+02   -0.583328628725904679E+02
    0.366006000999390437E+02    0.216834520299358929E+00    0.830225407264063131E+00   -0.241348292927208785E+01    0.349066206902365934E+02   -0.582878320914192969E+02
    0.308427661020538579E+02    0.277051888615420183E+00    0.776577696095686276E+00   -0.206050777129404539E+01    0.432070149647223261E+02   -0.582873347469195124E+02
    0.320906253614138208E+02    0.355564423870453006E+00    0.826964179459210857E+00   -0.251338862354252068E+01    0.253166180937997396E+02   -0.582850702674784742E+02
    0.379410859543686030E+02    0.289409329882911182E+00    0.896735639463980938E+00   -0.303678637811405938E+01    0.296044176533657968E+02   -0.582715005503405763E+02
    0.376589390298292983E+02    0.194419637002087503E+00    0.951065753692948102E+00   -0.311333646083335625E+01    0.224542895976124512E+02   -0.582690479819018279E+02
    0.300982287455617232E+02    0.302041717054956194E+00    0.827774768428601981E+00   -0.238168182279835827E+01    0.220705022935215105E+02   -0.582426938545461326E+02
    0.319437077187058804E+02    0.200643987193774687E+00    0.883124812575466267E+00   -0.253105910693421254E+01    0.227965467585845083E+02   -0.582335895096648599E+02
    0.347804759822541598E+02    0.324276808539513739E+00    0.829114223045786081E+00   -0.267281980777057049E+01    0.317233204173895089E+02   -0.582165985141919862E+02
    0.299838996747390141E+02    0.298097614284988321E+00    0.837902305854595575E+00   -0.254981647512579190E+01    0.213112940663135184E+02   -0.582094779594638752E+02
    0.314358086990934851E+02    0.216419737884401442E+00    0.815343171635980579E+00   -0.217875731580426368E+01    0.494914087307049471E+02   -0.581617775982721881E+02
    0.356664105118457258E+02    0.343251282286667070E+00    0.859485973381113655E+00   -0.290903890583463953E+01    0.221613353972131186E+02   -0.581512817494996241E+02
    0.307171560955476330E+02    0.274766671133346407E+00    0.867319472879780728E+00   -0.261482525281503708E+01    0.403178557793031800E+02   -0.580821558669764713E+02
    0.312532888221352181E+02    0.388388876850250753E+00    0.879316192691709131E+00   -0.297107090371833094E+01    0.286643312373501615E+02   -0.580467737496383762E+02
    0.414320212409521815E+02    0.123031652886987941E+01    0.400213630660517572E+00   -0.617993442885257815E+00    0.521973477100200540E+02   -0.580114357738574000E+02
    0.342810099331679083E+02    0.274380019510827244E+00    0.900275968759112200E+00   -0.293289939256711740E+01    0.185977850063850276E+02   -0.580040587450400196E+02
    0.304220021679918915E+02    0.230715052185384628E+00    0.855690361937040067E+00   -0.244974698474159114E+01    0.220630051147823742E+02   -0.579835506925240622E+02
    0.397115702635974159E+02    0.240013255849330503E+00    0.909589208522391113E+00   -0.311826606614868140E+01    0.255857826764427010E+02   -0.579688491299036812E+02
    0.276229227157717432E+02    0.329745995761701494E+00    0.822418256990988472E+00   -0.234645231499239060E+01    0.226344111168826352E+02   -0.579604545195391125E+02
    0.374572611133792250E+02    0.303067295444294837E+00    0.894236209655920766E+00   -0.306307880446899450E+01    0.256561923383894417E+02   -0.579319935858070849E+02
    0.309892556623059150E+02    0.351008341015599690E+00    0.803933900842299987E+00   -0.237093922849023375E+01    0.319135449016803499E+02   -0.578581083232898621E+02
    0.379511189547494752E+02    0.305693288608793579E+00    0.907721759611688994E+00   -0.325300129441062058E+01    0.247925071132729151E+02   -0.577996087217861501E+02
    0.332090933465717129E+02    0.275835655231890409E+00    0.840903600333843260E+00   -0.249902786197512139E+01    0.344148789691566748E+02   -0.577990258070540506E+02
    0.285423302004631552E+02    0.298984839195704566E+00    0.810314517161236925E+00   -0.233050814611013823E+01    0.374255424832638184E+02   -0.577974373416785241E+02
    0.390832405730912171E+02    0.226192311595923928E+00    0.912086923747704614E+00   -0.307642269981581462E+01    0.258230029272744517E+02   -0.577931520807996080E+02
    0.294028229555505547E+02    0.236156866322957931E+00    0.806473062101278226E+00   -0.211073567901106829E+01    0.415217755405791777E+02   -0.577484669187831656E+02
    0.325607543005310944E+02    0.257375610603002070E+00    0.818256953166269119E+00   -0.235892290511241143E+01    0.354927436701816248E+02   -0.577372877140048359E+02
    0.270687343127507773E+02    0.296979919435550299E+00    0.808483077539290940E+00   -0.224834794149611783E+01    0.382442571651536412E+02   -0.577307296370358358E+02
    0.257743367577772453E+02    0.236837636277758973E+00    0.863984880955171453E+00   -0.235923087105126728E+01    0.259537593676193161E+02   -0.577212414168234176E+02
    0.329843623856882644E+02    0.350813011819804121E+00    0.901802466556925753E+00   -0.308544216333492338E+01    0.268879147570385939E+02   -0.576987098066604318E+02
    0.316963479864278881E+02    0.191527593893438791E+00    0.943882759831755958E+00   -0.288670651900364206E+01    0.211889317060222275E+02   -0.576892128231156107E+02
    0.300425514013952579E+02    0.206763458120524379E+00    0.836879680725398423E+00   -0.232389406187278658E+01    0.302713435685505985E+02   -0.576784441216051036E+02
    0.279619459597540150E+02    0.201165136334494343E+00    0.817225892738864479E+00   -0.209663008076090840E+01    0.415646152137281319E+02   -0.576702486574752626E+02
    0.355823733016968617E+02    0.231972002501915547E+00    0.877551383657138917E+00   -0.281663866103806226E+01    0.396346131114968756E+02   -0.576290082415107747E+02
    0.348017702802292774E+02    0.208662479919552557E+00    0.858513544538980988E+00   -0.255670444780977313E+01    0.303458826372785531E+02   -0.576134554043297555E+02
    0.256813536929601263E+02    0.292196030199155965E+00    0.833151986579139581E+00   -0.230907692430994915E+01    0.281305403109236352E+02   -0.575943333883305471E+02
    0.277656321180363577E+02    0.219501469508663088E+00    0.832202686600909569E+00   -0.217204796565996405E+01    0.356895230833775727E+02   -0.575899575824676262E+02
    0.293058773404805564E+02    0.201968223067686081E+00    0.952559409313789907E+00   -0.287258046803174150E+01    0.237966537116398911E+02   -0.575749464544602745E+02
    0.366867960197436389E+02    0.197833376735075256E+00    0.899397793532656697E+00   -0.281421517754039607E+01    0.303136927005771142E+02   -0.575363801628409632E+02
    0.347595759079334101E+02    0.240704200357993559E+00    0.892647092677025134E+00   -0.289264406580335409E+01    0.392403387579327969E+02   -0.575348573283096698E+02
    0.276942931880563350E+02    0.230527294303070118E+00    0.838152524451403758E+00   -0.229626712091801677E+01    0.295932968166041235E+02   -0.575258679564451398E+02
    0.269843805532385801E+02    0.326631346545543433E+00    0.881186790205502168E+00   -0.271968739952133953E+01    0.326984503026112847E+02   -0.575257854241070419E+02
    0.301894188912016617E+02    0.332841813497002870E+00    0.926683027581653107E+00   -0.307402750926761348E+01    0.219339165438457577E+02   -0.575241439608016378E+02
    0.325518629340340340E+02    0.281634551832591895E+00    0.878473320930375001E+00   -0.277813363297436711E+01    0.277805062990249247E+02   -0.570622280682856982E+02
    0.325573090320648078E+02    0.234260014750553691E+00    0.873959564974239878E+00   -0.266841589847813543E+01    0.419632011787405332E+02   -0.575122136213331530E+02
    0.317464271668597533E+02    0.192564808135203575E+00    0.853379162936815483E+00   -0.242621839439780151E+01    0.377348007572447983E+02   -0.570857509015704849E+02
    0.277469721611363909E+02    0.267725224431612341E+00    0.863494149891250506E+00   -0.255500513701265319E+01    0.374145321456394271E+02   -0.570314331222626976E+02
    0.342510398042031312E+02    0.271671394195998062E+00    0.891791187330139512E+00   -0.289650932524632232E+01    0.313512782345443810E+02   -0.572515394107238720E+02
    0.333472086675213433E+02    0.208329165356923446E+00    0.895491295981632573E+00   -0.276919867325822988E+01    0.292742102711729153E+02   -0.568051112784639400E+02
    0.333472086675213433E+02    0.208329165356923446E+00    0.895491295981632573E+00   -0.276919867325822988E+01    0.292742102711729153E+02   -0.568051112784639400E+02
    0.335992621113801562E+02    0.179893509196657725E+00    0.886633386187847705E+00   -0.265089352058870409E+01    0.371610446200262601E+02   -0.568812964862226735E+02
    0.265749016492871277E+02    0.222469208214169628E+00    0.876593563481293692E+00   -0.244482680626186299E+01    0.286120425200638522E+02   -0.571745544518408693E+02
    0.288111948272065916E+02    0.283453854591989352E+00    0.839281063943501882E+00   -0.250046628858855025E+01    0.355749315234510490E+02   -0.572927828987148544E+02
    0.329710355108924063E+02    0.231691182316004912E+00    0.922380054184213205E+00   -0.291819091439882516E+01    0.261354984286367547E+02   -0.571332296235500721E+02
    0.339809671078659647E+02    0.242771453323724073E+00    0.927093298975300684E+00   -0.306933529078339884E+01    0.301868424956817307E+02   -0.567599329030247475E+02
    0.339809671078659647E+02    0.242771453323724073E+00    0.927093298975300684E+00   -0.306933529078339884E+01    0.301868424956817307E+02   -0.567599329030247475E+02
    0.347876369658143716E+02    0.331481927185370673E+00    0.902862492518444637E+00   -0.312121029372355707E+01    0.214084818035103055E+02   -0.574978712789569570E+02
    0.279353893677396066E+02    0.209279931939768432E+00    0.854696795831747180E+00   -0.233659226774724216E+01    0.402898400504459175E+02   -0.571737230145218049E+02
    0.280333708941171125E+02    0.349457890238809521E+00    0.876880989842142577E+00   -0.278688877689281034E+01    0.305890126579621899E+02   -0.572950447759574786E+02
    0.277916474032734406E+02    0.223510120590449196E+00    0.859734249404104367E+00   -0.233788553427102563E+01    0.335581931476286996E+02   -0.574297844671007738E+02
    0.305488648061260371E+02    0.240797812118157817E+00    0.873592643007347958E+00   -0.266688728845516021E+01    0.311386072980650042E+02   -0.567373617619730766E+02
    0.277962993621746364E+02    0.362414760196027974E+00    0.862154632527483589E+00   -0.273434829007997759E+01    0.320403635759387413E+02   -0.573716159337852929E+02
    0.321096783670692645E+02    0.205871465087940714E+00    0.912951934878497795E+00   -0.274710932403666330E+01    0.251385984427187594E+02   -0.574775540024246183E+02
    0.257476857435726387E+02    0.260292997446337881E+00    0.854433285117385144E+00   -0.241017574437748472E+01    0.344983079485493889E+02   -0.572299930874670295E+02
    0.273057827656107150E+02    0.272106855945786097E+00    0.849392133513520498E+00   -0.242182681314887249E+01    0.259236067503935139E+02   -0.573385489131204196E+02
    0.289542026676571709E+02    0.266970225457413113E+00    0.829696499859090220E+00   -0.236415998825037743E+01    0.330878150616349984E+02   -0.572760719993255591E+02
    0.322936867757954573E+02    0.225321653143848860E+00    0.890990653062144311E+00   -0.277120100928756852E+01    0.308395709236297364E+02   -0.566282619278945347E+02
    0.322936867757954573E+02    0.225321653143848860E+00    0.890990653062144311E+00   -0.277120100928756852E+01    0.308395709236297364E+02   -0.566282619278945347E+02
    0.319614548337808664E+02    0.255813796539441085E+00    0.935093032464061280E+00   -0.312720698051883339E+01    0.315932325961091536E+02   -0.565207151074886269E+02
    0.319614548337808664E+02    0.255813796539441085E+00    0.935093032464061280E+00   -0.312720698051883339E+01    0.315932325961091536E+02   -0.565207151074886269E+02
    0.295071723797424106E+02    0.353965727236052019E+00    0.887479881422392314E+00   -0.290167137574489509E+01    0.278666744150720334E+02   -0.572306526918873786E+02
    0.275683686641409622E+02    0.206901970627091147E+00    0.929111134163346564E+00   -0.275686263137652876E+01    0.320235913013948021E+02   -0.567895945330769507E+02
    0.278890001463408979E+02    0.260635690740999848E+00    0.885702090706835587E+00   -0.266822459207586515E+01    0.246466634807531833E+02   -0.567755114791811479E+02
    0.278890001463408979E+02    0.260635690740999848E+00    0.885702090706835587E+00   -0.266822459207586515E+01    0.246466634807531833E+02   -0.567755114791811479E+02
    0.285759296230069602E+02    0.199973776958346117E+00    0.905898093377604630E+00   -0.267064912781077757E+01    0.306408868516087409E+02   -0.564216865921592330E+02
    0.285759296230069602E+02    0.199973776958346117E+00    0.905898093377604630E+00   -0.267064912781077757E+01    0.306408868516087409E+02   -0.564216865921592330E+02
    0.295536504607608954E+02    0.282454440487468150E+00    0.918413577272708226E+00   -0.293885022932508688E+01    0.180160186063794789E+02   -0.571955184186335330E+02
    0.316839130433756679E+02    0.260400706172838392E+00    0.903831421930646139E+00   -0.291737052996767954E+01    0.289028874467482133E+02   -0.564773350413771951E+02
    0.316839130433756679E+02    0.260400706172838392E+00    0.903831421930646139E+00   -0.291737052996767954E+01    0.289028874467482133E+02   -0.564773350413771951E+02
    0.316839130433756679E+02    0.260400706172838392E+00    0.903831421930646139E+00   -0.291737052996767954E+01    0.289028874467482133E+02   -0.564773350413771951E+02
    0.288120798930888533E+02    0.347299060108680335E+00    0.917554264915601769E+00   -0.303267668683310454E+01    0.216337938478933012E+02   -0.570944260839261943E+02
    0.336398871275383726E+02    0.282640377044575564E+00    0.946525818664693763E+00   -0.321312745163523328E+01    0.242565984097939626E+02   -0.574277092023422568E+02
    0.354250318790986967E+02    0.240259152446960500E+00    0.949261210352450258E+00   -0.326742027302389815E+01    0.255263742028909810E+02   -0.566678745468809169E+02
    0.343740389725880888E+02    0.240717903483242041E+00    0.960231912300094637E+00   -0.331479685496493293E+01    0.290518869542343516E+02   -0.565814136486428794E+02
    0.343740389725880888E+02    0.240717903483242041E+00    0.960231912300094637E+00   -0.331479685496493293E+01    0.290518869542343516E+02   -0.565814136486428794E+02
    0.344768434631748164E+02    0.200401474152344578E+00    0.939461377273187348E+00   -0.298894482363373637E+01    0.322470733207625457E+02   -0.574811866395877331E+02
    0.357847090557325060E+02    0.241248607331973536E+00    0.992112655965409651E+00   -0.351660021058073458E+01    0.251147038869412960E+02   -0.570782127571145850E+02
    0.360275359501644203E+02    0.325974094734418740E+00    0.932904574168528899E+00   -0.338227144986380024E+01    0.198648243605037429E+02   -0.573983724402602178E+02
    0.307059880155192921E+02    0.278958385788477259E+00    0.922497864986756788E+00   -0.302706056475696439E+01    0.188333894653742178E+02   -0.568873915593910056E+02
