    0.320855648525416318E-68    0.425106954378034573E+03    0.277634827584938471E+01    0.107261474143109403E+01    0.259383548640398198E+00    0.169412630469041980E+01    0.200318082439871603E+03
    0.958949740479744235E-54    0.358394877101539919E+03    0.239933854938390070E+02    0.114778581870154461E+01    0.387588771376534746E+00    0.313101627338256043E-02    0.219089958414947148E+03
    0.138148985595126508E-53    0.357614718828926641E+03    0.199278050308816120E+03    0.274785204213857659E+00    0.289934077497983000E+00    0.819198609155761370E+00    0.146153858331003306E+03
    0.517130438756408560E-52    0.350319623776022695E+03    0.107804912637213846E+03    0.788592687849919205E+00    0.293160696032444046E+00    0.773282257971272591E+00    0.126244085026476881E+03
    0.164455657227347131E-46    0.324929910998258833E+03    0.682726390156585126E+02    0.566018543457208034E+00    0.168043829030021158E+00    0.440004666587399473E+01    0.951145672567922951E+01
    0.283606116983469299E-45    0.319184850031192525E+03    0.231551804416050047E+02    0.790215607888481331E+00    0.420418652579324092E+00    0.368468014447497327E+00    0.202712993078628159E+03
    0.158813840545796120E-44    0.315689387167952475E+03    0.152617599081034115E+03    0.542174556582712630E+00    0.286735280982148955E+00    0.913279475553655073E+00    0.151539332169779300E+03
    0.676150563873354895E-44    0.312742021014429099E+03    0.178493559215700969E+03    0.240557747481851963E+00    0.598913362379827507E+00   -0.248222410391183157E+01    0.125705105929337577E+03
    0.983222995779875136E-44    0.311943180678784358E+03    0.507246878887873542E+01    0.186904449885393320E+01    0.267536943135204486E+00    0.131556632035306076E+01    0.137106807360925870E+03
    0.523468532334199421E-42    0.303943558363486147E+03    0.532417379321178075E+01    0.118545901033202128E+01    0.124228234026744017E+00    0.377804191159179581E+01    0.137210703270909221E+03
    0.937214147437834464E-41    0.298123518410295958E+03    0.448328341294348149E+02    0.106113927691745702E+01    0.321460911724786191E+00    0.105439194908378653E+01    0.181967695144164026E+03
    0.146938951285108336E-39    0.292568967235943603E+03    0.155541757565602410E+03    0.911305123147311380E+00    0.345666959626943771E+00   -0.121768290612520924E+00    0.252913205775934898E+03
    0.315347809797417994E-34    0.267965798336723537E+03    0.161064114789861463E+03    0.235286686833431374E+00    0.522526056692879326E+00    0.137178895306378640E-01    0.717651868532170454E+02
    0.257581101560887167E-33    0.263715311270226209E+03    0.396510182789908754E+02    0.141643134137046545E+01    0.119310160695284717E+00    0.403562122050356376E+01    0.770587295742583649E+02
    0.258731936609300756E-33    0.263656395462418118E+03    0.559526240227476848E+02    0.678047483924508865E+00    0.265666279036182618E+00    0.238958683749968248E+01    0.371550952631202946E+01
    0.444763436183958483E-33    0.262522895452825026E+03    0.137965920152701869E+03    0.189787409602781926E+00    0.377007060171853869E+00    0.150608391834715660E+01    0.142521637968214264E+03
    0.141913397390713968E-32    0.260152376352264071E+03    0.136532858818590199E+03    0.597215471258397690E+00    0.281760723896713139E+00    0.172542096867125649E+01    0.298566254017925985E+03
    0.353290283556872960E-32    0.258278230236254217E+03    0.160779563577863144E+03    0.409087880233572232E+00    0.185649021089409338E+00    0.320952530956323301E+01    0.273892649767773037E+03
    0.756368238225324234E-32    0.256705753649923281E+03    0.677050306865319840E+02    0.380768205184269182E+00    0.402194751195088129E+00    0.190846116683193978E+01    0.253910318342715229E+02
    0.215567988865488229E-30    0.249955917261605094E+03    0.747113434938285224E+02    0.389619776321580125E+00    0.127476857485045975E+00    0.403149272919580071E+01    0.722286546342036928E+02
    0.219332275450643688E-30    0.249871294329383716E+03    0.604619368401553317E+02    0.511613215370288477E+00    0.174641542124566229E+00    0.379184364264154317E+01    0.972806222296092926E+02
    0.271671032140894172E-30    0.249393286180980283E+03    0.522290737248734160E+02    0.101979172054252798E+01    0.102270970789838558E+00    0.438853194829103987E+01    0.150242756828700550E+03
    0.517432740435564753E-30    0.248054710875288436E+03    0.702615756494578818E+02    0.322455411254669588E+00    0.541681227697148326E+00   -0.406749368206672235E+00    0.126022190699103703E+03
    0.586962646770256641E-30    0.247752547600965869E+03    0.584899999966679331E+02    0.269095323381970286E+00    0.177550189721893154E+00    0.357874395896193498E+01    0.187281350119197612E+03
    0.116890993069091366E-29    0.246324816147657941E+03    0.102828031936998087E+03    0.391188605085961261E+00    0.168034890661919734E+00    0.342868560943335998E+01    0.467556086373831249E+03
    0.131927303812973299E-29    0.246032797697960007E+03    0.573570392133703599E+01    0.882956204057116278E+00    0.284316735883743732E+00    0.231797601465623204E+01    0.822298356579077563E+02
    0.150067954896540985E-29    0.245725123334036908E+03    0.856000539951642310E+02    0.185044934995290816E+00    0.478001548169558588E+00    0.935245116224576067E+00    0.195813536733023987E+02
    0.223247048615918371E-29    0.244880741783172510E+03    0.864331137172533346E+02    0.185736964518639136E+00    0.586746242696471132E+00    0.489025860752764441E+00    0.170187993427740629E+02
    0.366981713822841924E-29    0.243836675740905235E+03    0.854601874924235148E+02    0.354053810101879862E+00    0.145857430988521497E+00    0.370125768550044532E+01    0.149238115181339396E+03
    0.556269533619706092E-29    0.242954793883372929E+03    0.392734418480322489E+02    0.104559556112664276E+01    0.229387996645058378E+00    0.203052157413077472E+01    0.619140783207890308E+02
    0.140799258303694361E-28    0.241047459244390723E+03    0.166905070108745690E+02    0.175044948068950490E+00    0.575561466699754276E+00    0.299213993503937248E+01    0.316432761286886333E+01
    0.429886013836695559E-28    0.238765089417460132E+03    0.322032664659189436E+02    0.138863755420699997E+01    0.128196769046205833E+00    0.376102659683603280E+01    0.493965366375121846E+02
    0.193610506530279728E-27    0.235705262525087988E+03    0.793968238886516353E+01    0.789208552813602360E+00    0.243480610027548533E+00    0.170115016958899523E+01    0.245932767910981966E+03
    0.205539267319940485E-27    0.235535685215301157E+03    0.103948826254443176E+03    0.431348741802007885E+00    0.187084768193457956E+00    0.295198593884191451E+01    0.124739343646230111E+03
    0.305068000820396659E-27    0.234695889999830911E+03    0.877639065909611986E+02    0.430780451970197320E+00    0.451141168170950790E+00   -0.846749936861848518E+00    0.225452839759999534E+03
    0.201613636220045203E-26    0.230869082876595513E+03    0.259412350423755349E+02    0.836316380101200352E+00    0.309411527793267360E+00    0.176128438244178809E+01    0.847559938471594165E+02
    0.208916055877303922E-26    0.230747924174849430E+03    0.420062223360157958E+02    0.190241523535027435E+00    0.583354812716946114E+00    0.133841462382631282E+01    0.928043193215422235E+01
    0.954039151767181226E-26    0.227660379803986899E+03    0.254331544329025654E+02    0.940763469030327482E+00    0.222610754486321227E+00    0.263212524250592717E+01    0.102942217992188006E+03
    0.119131364534476313E-25    0.227166165462569666E+03    0.590491029446561697E+02    0.210750113849868137E+00    0.228121738275047475E+00    0.248189654431914608E+01    0.222944543257206647E+03
    0.223075696681822074E-25    0.225861596716658255E+03    0.646524958704208075E+01    0.128649551415632080E+01    0.203399701863488075E+00    0.286198931835162629E+01    0.231880970220174909E+02
    0.262397353109791949E-25    0.225486899098817588E+03    0.682510545023239104E+02    0.566768820078846658E+00    0.154261443931345471E+00    0.338633322012610716E+01    0.111744057299318285E+03
    0.408152444015134468E-25    0.224553337554565388E+03    0.596075282180968458E+02    0.239133599997041452E+00    0.282636698447657375E+00    0.181331060095163177E+01    0.195060976207014619E+03
    0.424152445815154401E-25    0.224426433173129482E+03    0.435203373331807342E+02    0.328159092520858064E+00    0.243377599585765103E+00    0.229315411830737581E+01    0.158004357866407844E+03
    0.473762090720532385E-25    0.224155208483626041E+03    0.988577256678639174E+02    0.211674236353173673E+00    0.472278191553359761E+00    0.172785206121559676E+00    0.115600473988668057E+03
    0.154134116997881862E-24    0.221745802626387672E+03    0.156671836712615153E+02    0.754857553013295268E+00    0.183619565154195447E+00    0.331808918002870090E+01    0.968088354560080404E+02
    0.175817097639634590E-24    0.221432560378959266E+03    0.425684117621774334E+02    0.178140493605420197E+00    0.548217231612120992E+00    0.739149984265019433E+00    0.391400539648238350E+02
    0.220484919088789525E-24    0.220929790255614051E+03    0.722333000166252646E+02    0.559785419880904578E+00    0.248705899471998254E+00    0.174148774318379806E+01    0.119309683434014033E+03
    0.449324167738762663E-24    0.219455959643622379E+03    0.151470436964226138E+03    0.409360795137595712E+00    0.347940912732160545E+00    0.625992418020562158E+00    0.172804418035792963E+03
    0.463000354047836306E-24    0.219345993214863370E+03    0.196847867305505559E+02    0.827794260922781744E+00    0.389438735381151313E+00    0.106885262612756859E+01    0.197204731464227514E+02
    0.126687481602619067E-23    0.217282832108424259E+03    0.343955779069957970E+02    0.413531722822544356E+00    0.381527983724142761E+00    0.123757142652690866E+01    0.108228934439954458E+03
    0.123656992467194640E-23    0.217281255580708915E+03    0.129117993514754374E+02    0.371898967362879473E+00    0.507945863184373403E+00    0.668075839450333664E+00    0.143199588921638451E+03
    0.167470267738857430E-23    0.216624667007466712E+03    0.651532395799936097E+02    0.371097005256880053E+00    0.234013915336553829E+00    0.199970837384169120E+01    0.607384037635410010E+02
    0.182499369071256028E-23    0.216402785234665942E+03    0.500597925840323938E+02    0.316092010183579297E+00    0.264183922775957647E+00    0.186786346015395099E+01    0.654455635544473751E+02
    0.304969935589101739E-23    0.215325852266591710E+03    0.410245189648100563E+02    0.484309556009126618E+00    0.773043366458793124E+00   -0.163532088093034544E+01    0.122017516822409178E+01
    0.621873139492061665E-23    0.213850806434137837E+03    0.199219877275852859E+02    0.690131131277769816E+00    0.299669074065025687E+00    0.177289346584122054E+01    0.117464393812363880E+03
    0.873542494648732598E-23    0.213121165112208615E+03    0.961060828173909130E+02    0.184236865009848039E+00    0.531048491521086796E+00   -0.299288514057202248E+00    0.836307162981505883E+02
    0.181219156598405186E-22    0.211611694262898226E+03    0.782419474942176265E+02    0.575586067752963171E+00    0.331572862278060931E+00    0.849075404191428351E+00    0.168282794083274297E+03
    0.336245018203296170E-22    0.210325428250315355E+03    0.481052937979555253E+02    0.267328772410637516E+00    0.188472757032399602E+00    0.291865783776065513E+01    0.210659266558656242E+03
    0.331071338431571650E-22    0.210306440728188250E+03    0.125457830607234669E+03    0.184916022330426283E+00    0.408793792132421563E+00    0.280569464046243722E+00    0.850019679127219092E+02
    0.538263153649542799E-22    0.209284413332917921E+03    0.125219562757076179E+02    0.123778898299411555E+01    0.132672792605256912E+00    0.387738069108498973E+01    0.728163336994944501E+02
    0.585544480604712046E-22    0.209066024179539312E+03    0.133363832747348368E+03    0.326213668513072153E+00    0.304273450239681220E+00    0.696741907483275691E+00    0.431636003669121692E+03
    0.974198965564476831E-22    0.207997877361341153E+03    0.923179362970357147E+02    0.406003980864797609E+00    0.611509467722984201E+00   -0.128313000080331285E+01    0.327341256380056151E+02
    0.393377169446568883E-21    0.205156400553780742E+03    0.235134092946324387E+02    0.410038158502817052E+00    0.361348338876495756E+00    0.144418092670459930E+01    0.116011372621122121E+03
    0.740538158049356100E-21    0.203841183969447002E+03    0.434215951275909333E+02    0.229336972409575762E+00    0.210759025048317811E+00    0.256015451051582588E+01    0.181337354777715177E+03
    0.146013500686565446E-20    0.202433369932668938E+03    0.180847066633283646E+03    0.178047462760404562E+00    0.344243621605030248E+00    0.618887143339498125E+00    0.133497816720331087E+03
    0.204508303689441732E-20    0.201709550949453501E+03    0.110559187968579735E+02    0.150231751623469356E+01    0.147629115102065805E+00    0.356098129570745980E+01    0.131275038844939559E+03
    0.202848602242405534E-20    0.201675848310383714E+03    0.410551456700352446E+02    0.186113199770184701E+00    0.662210483050179266E+00   -0.479370427696211854E+00    0.108141507952272757E+02
    0.371606883484706895E-20    0.200415095047092308E+03    0.360335098522568842E+02    0.216214356417700843E+00    0.184216990778493267E+00    0.297410420393211483E+01    0.176444717085785811E+03
    0.174662991786615964E-19    0.197269881210375104E+03    0.299956980864125384E+02    0.399635139668114259E+00    0.787397723852427012E+00   -0.305357900024435391E+01    0.734901670815130785E+02
    0.203662974111937824E-19    0.196912664842547429E+03    0.686744555156957261E+02    0.240327584976747860E+00    0.518994977172805627E+00   -0.102246859580416438E+01    0.129159502749495971E+03
    0.212528487156287599E-19    0.196777445849287773E+03    0.557901059330899898E+02    0.319054997642227167E+00    0.495249276835095509E+00   -0.835981164352239681E+00    0.139647002530493893E+03
    0.233571276585049563E-19    0.196538623355319857E+03    0.942307778298543894E+02    0.280856409185713973E+00    0.476242194929445306E+00   -0.299737523376497284E+00    0.128769961687693808E+03
    0.717712524978174603E-19    0.194243459710789551E+03    0.347223238080891221E+02    0.197152007860238621E+00    0.548991921311626219E+00    0.196624722078874770E+00    0.283047467891818627E+02
    0.144980039611448107E-18    0.192787235586285448E+03    0.945437242174792480E+01    0.604972345951670376E+00    0.124774169322482864E+00    0.394211278156744838E+01    0.245936446694977121E+03
    0.154197499114874480E-18    0.192613959251377366E+03    0.574447126698559316E+02    0.181062250924476226E+00    0.294779388559848865E+00    0.143833344236661609E+01    0.173005546580442285E+03
    0.592535322037431212E-18    0.189871606763500182E+03    0.217143570077476902E+02    0.226060194260742031E+00    0.798471851130745147E+00   -0.262765117491857980E+01    0.342535794132988940E+02
    0.691121989844140931E-18    0.189513795038060721E+03    0.155050209299609243E+02    0.624398210342442361E+00    0.161956718615554690E+00    0.333301021376265316E+01    0.237634631339772085E+03
    0.953521843290766480E-18    0.188820103069839320E+03    0.240291227707834700E+02    0.198041916455709122E+00    0.545222924370439954E+00   -0.657206167353445725E+00    0.150688397018074170E+03
    0.194885254482861230E-17    0.187340435656850104E+03    0.918685807523550757E+01    0.131011182210527188E+01    0.200235673493675798E+00    0.264739087812940976E+01    0.148356241602931476E+03
    0.195220728989431860E-17    0.187286995826614429E+03    0.112471309511713891E+02    0.540828015320382938E+00    0.315302890463895480E+00    0.167658154659258596E+01    0.219749689572979804E+03
    0.220748416109756421E-17    0.186991210221647748E+03    0.164546669626362103E+02    0.382953311988675826E+00    0.139720214138318949E+00    0.369133172344626326E+01    0.214782458162140642E+03
    0.343294116776984176E-17    0.186058082424378995E+03    0.632091187458017743E+02    0.216166940216519887E+00    0.590550010791440316E+00   -0.784081419554648829E+00    0.296183315174070216E+02
    0.410193330641487308E-17    0.185652000377064638E+03    0.851457620084436400E+02    0.237633959480936185E+00    0.443251979025807097E+00   -0.377188922251187941E+00    0.131070617791256609E+03
    0.617174752261389037E-17    0.184784953124978102E+03    0.146033580672764067E+02    0.563138402796397042E+00    0.158700149918476169E+00    0.332138851051908457E+01    0.133624347188990839E+03
    0.764906903907153040E-17    0.184305749286118584E+03    0.174126590800759857E+03    0.244469766613139433E+00    0.341355381804089308E+00    0.499522625317764368E+00    0.190143406333215694E+03
    0.898324354141563012E-17    0.183934195152012308E+03    0.718951346399962432E+02    0.210499845280792824E+00    0.546515818619584648E+00   -0.703694810696203987E+00    0.131374985736450014E+03
    0.902772154224362437E-17    0.183874317149131997E+03    0.403723456240218184E+02    0.194346795449186288E+00    0.353608639219172738E+00    0.103805053838140759E+01    0.116066732756244164E+03
    0.118085219859209668E-16    0.183287274232495150E+03    0.899430462971221374E+02    0.291810947508001683E+00    0.529706812948966044E+00   -0.982342906645262914E+00    0.149096175046912407E+03
    0.121641974193710330E-16    0.183177923179526118E+03    0.139872571003969739E+03    0.182577197797109791E+00    0.331125640201987925E+00    0.707737794224453931E+00    0.198633045387945003E+03
    0.135955922254067480E-16    0.182905425900233013E+03    0.261221981126493574E+03    0.251426193090984684E+00    0.324973136599571666E+00    0.498094492583134207E+00    0.325443508129002112E+03
    0.108000412413571467E-15    0.178710647086984523E+03    0.413500052468478998E+02    0.183758550596811204E+00    0.269307383600976114E+00    0.170526232739118200E+01    0.185370840672148319E+03
    0.106641631846039999E-15    0.178685969222235570E+03    0.674005297418468103E+02    0.467142458364861901E+00    0.502962734605518436E+00   -0.111249512019321162E+01    0.134706071734001881E+03
    0.124687433100929763E-15    0.178323297037406462E+03    0.888992585942887530E+02    0.302999774944258005E+00    0.387330186390466791E+00    0.140619951404265975E+00    0.118684340609420332E+03
    0.140820756590567770E-15    0.178029941474854866E+03    0.165849846910700265E+02    0.286174634471411671E+00    0.718283485753934969E+00   -0.192030349793514721E+01    0.544100128607321736E+02
    0.171091795041197899E-15    0.177590516727353815E+03    0.758310967148999815E+01    0.598363540138774574E+00    0.348863101722774627E+00    0.127939305446292972E+01    0.119839594546503548E+03
    0.175370283616501908E-15    0.177491117888654145E+03    0.203620710210649456E+02    0.287139512010154141E+00    0.702895481139881650E+00   -0.447230815907446178E+00    0.136596687100747900E+02
    0.328701712995320027E-15    0.176184615794344012E+03    0.898635532059599740E+02    0.180130117266963125E+00    0.574699077775785439E+00   -0.142381219611468079E+01    0.316946109219841787E+02
    0.346390843833542135E-15    0.176029781690531280E+03    0.751849462910671065E+02    0.384359118770458641E+00    0.444734450463910358E+00   -0.283810823799675815E+00    0.856625216829542353E+02
    0.512394676825526367E-15    0.175196726815987432E+03    0.629979391091825676E+02    0.421864832239064513E+00    0.376884075322966416E+00    0.130841587687665989E+00    0.262342201899831537E+03
    0.732073793334939246E-15    0.174433154539612502E+03    0.666411359144348410E+02    0.214360382739700539E+00    0.582882235416843253E+00   -0.896967510734503426E+00    0.531115565309004154E+02
    0.129437732834322410E-14    0.173243347116577098E+03    0.270681147523297376E+02    0.516462102154263802E+00    0.503011069073022954E+00   -0.359321909688166630E+00    0.133608966419589365E+03
    0.135297423903510439E-14    0.173104796002298400E+03    0.902707352666294440E+02    0.211036389802190610E+00    0.505328344530117657E+00   -0.823514218424170830E+00    0.111623037355927011E+03
    0.174995984971586312E-14    0.172540220931237030E+03    0.737497040106662354E+02    0.413642059364928816E+00    0.578028206439028414E+00   -0.139445430893173294E+01    0.806961885023249579E+02
    0.216044825425549847E-14    0.172068775169974458E+03    0.585591103931197239E+02    0.175937606173530409E+00    0.575346616891908136E+00   -0.124977968975398057E+01    0.705136581684550663E+02
    0.217465594844633456E-14    0.172005665685730946E+03    0.551243403209860503E+02    0.383869011261064874E+00    0.378655174259363514E+00    0.338684812907773192E+00    0.239426113146904953E+03
    0.246498267748798445E-14    0.171705037060379027E+03    0.119071945108339790E+03    0.358521549551903573E+00    0.351242111770152743E+00    0.310457998488259834E+00    0.293339843195409060E+03
    0.631449666934200812E-14    0.169773710523258330E+03    0.430065873458588896E+02    0.226161816644090519E+00    0.568923176163495747E+00   -0.489834216291998581E+00    0.527559482565891642E+02
    0.216390056410175349E-13    0.167260411614788183E+03    0.902567294939626947E+02    0.538737076458192132E+00    0.703926883782617141E+00   -0.277987757680092029E+01    0.259503388988402612E+02
    0.249718106137448368E-13    0.166923911394089430E+03    0.576453239562751065E+02    0.604427357214353700E+00    0.428727196546640987E+00   -0.505742055973893323E+00    0.151198566402491679E+03
    0.576878579224513117E-13    0.165199313187042435E+03    0.108004218668384482E+03    0.322971913399990984E+00    0.691257557744888063E+00   -0.282622848993800924E+01    0.496740346441067544E+02
    0.102729363722153252E-12    0.163995210633505906E+03    0.535748766379325190E+02    0.175900790070433771E+00    0.669721692605680263E+00   -0.135280287021909529E+01    0.279530609454983434E+02
    0.167160769354466581E-12    0.162971494540397430E+03    0.513215976477604556E+02    0.225091064936875168E+00    0.502171809348723852E+00   -0.538514853291186646E+00    0.139681468369682818E+03
    0.163592650462679242E-12    0.162964647621867897E+03    0.348757979883359752E+02    0.224905334562074982E+00    0.623365230611279686E+00   -0.934620376084818627E+00    0.109318914941599473E+03
    0.263990703803272826E-12    0.161957578841222585E+03    0.147079653647174524E+02    0.486256550828505718E+00    0.275064236416365293E+00    0.171960762737570594E+01    0.390373806867925964E+03
    0.357552185555468599E-12    0.161300843970417105E+03    0.896770380490343939E+02    0.373344661668363664E+00    0.823050779967051116E+00   -0.399931781145213172E+01    0.353618347808461948E+02
    0.685422593681382687E-12    0.159949335474293491E+03    0.781758029568307080E+02    0.204261357834250229E+00    0.625142860993080030E+00   -0.154028755033874853E+01    0.600661707752133083E+02
    0.678453309893102935E-12    0.159919775294161923E+03    0.709203875281488934E+02    0.516988042617234300E+00    0.756495648738196191E+00   -0.343081870578804127E+01    0.407045423939826634E+02
    0.774309863255862721E-12    0.159605462353344763E+03    0.546831135659897143E+02    0.408399933797994441E+00    0.744109559777942908E+00   -0.239663210134496252E+01    0.182296583525160791E+02
    0.939948906066149641E-12    0.159167755583466516E+03    0.621125571190717949E+02    0.423698043648895462E+00    0.708926413020612212E+00   -0.262622824334245664E+01    0.142114018849996881E+01
    0.168734586944424456E-11    0.157947582456643261E+03    0.418983730526177851E+02    0.266411320688735798E+00    0.565313283631288521E+00   -0.685083841522703851E+00    0.441097409135536438E+02
    0.208613828678660121E-11    0.157473266768210010E+03    0.145193458077279658E+02    0.183762009666822546E+00    0.606660819639032400E+00    0.178587682052557206E+00    0.701684741695993210E+02
    0.308695689786186356E-11    0.156639524496668713E+03    0.249660748419908707E+02    0.270345392994728817E+00    0.363018391603526835E+00    0.849567538576620596E+00    0.272555185172392669E+03
    0.389687489531961392E-11    0.156123546216530968E+03    0.565383387616907385E+02    0.281871132564055493E+00    0.720702963672267383E+00   -0.212040902659035257E+01    0.153041609364566789E+02
    0.385764027652611659E-11    0.156093784724147866E+03    0.302802795203306196E+02    0.253443355687174077E+00    0.408123446339857976E+00    0.466380058411484000E+00    0.154706265801685817E+03
    0.839719871923799624E-11    0.154488099733727182E+03    0.478676163660002345E+02    0.486511169783392594E+00    0.617141764421483052E+00   -0.170458606861679374E+01    0.669366094065835711E+02
    0.957927801466252842E-11    0.154174691611920508E+03    0.413778482448360023E+02    0.349642429601117688E+00    0.876582772199612004E+00   -0.384058404077012794E+01    0.126669465599131978E+02
    0.156973121419433375E-10    0.153136917069483047E+03    0.221708134323587913E+02    0.398281410776568368E+00    0.321213744453382466E+00    0.978429296631445400E+00    0.354936734262182938E+03
    0.157418181601480810E-10    0.153081254565780569E+03    0.207868814386014904E+02    0.441126648505842767E+00    0.906427114027760994E+00   -0.375668175978547492E+01    0.116509529157549760E+02
    0.172619584670194883E-10    0.152846885767059547E+03    0.134617334642527400E+02    0.366951719492832784E+00    0.436715473724146375E+00    0.297280422514095810E+00    0.189350199181771387E+03
    0.175387024232353020E-10    0.152765076050464728E+03    0.267595923637303343E+02    0.259085175921724420E+00    0.766006260264548877E+00   -0.148134669917035500E+01    0.241008628739341333E+02
    0.199213057592929735E-10    0.152460316462231305E+03    0.151577716421462032E+02    0.499472500024933486E+00    0.319497665525004471E+00    0.967523981288297530E+00    0.188060710562014975E+03
    0.198155989738997713E-10    0.152420957153593463E+03    0.198953486051671895E+02    0.228691360503589125E+00    0.649711276272966098E+00   -0.456777860361125887E+00    0.249654618344330821E+02
    0.270436004732333194E-10    0.151748995270765164E+03    0.865950061169009189E+02    0.327474883243698334E+00    0.769105079833527050E+00   -0.312847790060516306E+01    0.346562206191975974E+02
    0.464349141944859378E-10    0.150617792787851471E+03    0.815504004383879533E+02    0.415521889822196233E+00    0.881099411969201052E+00   -0.423414969068761060E+01    0.238501857368873900E+02
    0.811031672860371905E-10    0.149452452033696972E+03    0.517668716563112667E+02    0.363231608386405003E+00    0.724752789417525189E+00   -0.242359599078827825E+01    0.842431048936563442E+01
    0.809969959800569622E-10    0.149405071927940696E+03    0.145796051750828504E+02    0.227951070939421213E+00    0.716746797462041507E+00   -0.674364077599847400E+00    0.596810345157930477E+01
    0.929718974403563130E-10    0.149079301523723018E+03    0.138314979258864703E+02    0.230985536903440314E+00    0.701521891803534414E+00   -0.148091637535368936E+01    0.346363612006281727E+02
    0.969605958111709791E-10    0.148945286728139564E+03    0.353409717411425746E+02    0.176725824602264436E+00    0.703347236942888809E+00   -0.135912244996957421E+01    0.202083024153769273E+02
    0.117992018857252647E-09    0.148502662091827688E+03    0.129363968944124181E+02    0.430285824395420791E+00    0.343904658942332075E+00    0.111278642853948662E+01    0.140797689933514960E+03
    0.118495406359950799E-09    0.148444147672720419E+03    0.306019746380181914E+02    0.235067157432200496E+00    0.597808145361469090E+00   -0.785708393738222655E+00    0.110129998637545128E+03
    0.160636093648182774E-09    0.147785613025021092E+03    0.110121151601497438E+02    0.203837235785461923E+00    0.594971073530365047E+00    0.209134031068751614E+00    0.306814909631914965E+02
    0.161392325883124171E-09    0.147726219647552369E+03    0.212815974066579834E+02    0.255120251348991356E+00    0.795537823425581547E+00   -0.252148581531735250E+01    0.412664168206472937E+02
    0.179137076669538037E-09    0.147467593454134146E+03    0.142228781696016355E+02    0.226962491376032804E+00    0.526414230386060389E+00    0.306026942795669110E+00    0.138598429329903041E+03
    0.176996576172245936E-09    0.147441635285123965E+03    0.241610808620962274E+02    0.336682509624289805E+00    0.650213326880105358E+00   -0.963209152278619918E+00    0.544216548157785240E+02
    0.225097218455219037E-09    0.146910831280764057E+03    0.243595987028366885E+02    0.322122881250037907E+00    0.815935461270283380E+00   -0.200782544325678591E+01    0.303198433812541452E+02
    0.287155738224432791E-09    0.146373846641618741E+03    0.394493640496720701E+02    0.385512505644631798E+00    0.978593913986098518E+00   -0.467755292165457703E+01    0.237146875848476988E+02
    0.442638639328112750E-09    0.145458388613392231E+03    0.941887801032735261E+01    0.694789401716746746E+00    0.855059856216413228E+00   -0.297190509085329291E+01    0.261581374560678412E+02
    0.611068569350046018E-09    0.144763477707237485E+03    0.301094920923386411E+02    0.322370953640792990E+00    0.507008539232775668E+00   -0.352703267130494935E+00    0.111013048250688655E+03
    0.825124179748786539E-09    0.144112828270747855E+03    0.345691803636836710E+02    0.630397751844418153E+00    0.802689307195950219E+00   -0.320278780477451219E+01    0.218411109895683211E+02
    0.112910673164088144E-08    0.143435531870335240E+03    0.551377916152764271E+02    0.354703568090467103E+00    0.819262187326194380E+00   -0.336189354652946459E+01    0.111883993243212334E+02
    0.141070877782716768E-08    0.142940200989815509E+03    0.357650169065539814E+02    0.225384483518672324E+00    0.636807635265988603E+00   -0.134864954420609040E+01    0.966511346123705266E+02
    0.145417882852490391E-08    0.142829502780051939E+03    0.263498215377412670E+02    0.317089026328781887E+00    0.558593571707462155E+00   -0.783451564006576895E+00    0.116486439568805338E+03
    0.275967287438356922E-08    0.141498161206752940E+03    0.243291379500877589E+02    0.192029397893282189E+00    0.523466667490783744E+00   -0.308091312888708335E+00    0.980335594653380440E+02
    0.295091557586822471E-08    0.141314154530814591E+03    0.104515123630377857E+02    0.386240989138741830E+00    0.243212942839618640E+00    0.196053152586817614E+01    0.173412527678306191E+03
    0.470216685171813513E-08    0.140332338635106453E+03    0.161326060569933531E+02    0.217299951391742963E+00    0.440770149525386568E+00    0.648287795719279525E+00    0.112457216235896368E+03
    0.520821432632469282E-08    0.140077911389918626E+03    0.295200445395701152E+02    0.287171375809684770E+00    0.611081094091243116E+00   -0.120268527796858260E+01    0.249000103140569493E+02
    0.542211921630157139E-08    0.139947412027916158E+03    0.354804311111608399E+02    0.292249124239511993E+00    0.587219410275255815E+00   -0.107965583736995585E+01    0.674399780111393738E+02
    0.846819663688659402E-08    0.139005750356263405E+03    0.213958728130011337E+02    0.446799894824340238E+00    0.277270701621329385E+00    0.143657288004146766E+01    0.205491942805642537E+03
    0.119894629093020308E-07    0.138260329158316182E+03    0.502063708640932873E+02    0.361544975681124647E+00    0.764670133278322228E+00   -0.282501114635870643E+01    0.241319962338858574E+02
    0.135393452976884063E-07    0.137967185678381327E+03    0.145351472755852207E+02    0.324035858220964479E+00    0.836744848245889239E+00   -0.157284272321361307E+01    0.126726451495906431E+02
    0.174755341140865740E-07    0.137406781800371391E+03    0.180441458274302740E+02    0.313674687187394885E+00    0.611501323435439059E+00   -0.597696323369576676E+00    0.827672416936678417E+02
    0.192970230329907038E-07    0.137158483830577410E+03    0.363656206517178191E+02    0.419235442960799454E+00    0.105908436606226197E+01   -0.481678237329348669E+01    0.166891414579413677E+02
    0.237467485832259618E-07    0.136693494265914211E+03    0.154269066583841514E+02    0.307780799236378577E+00    0.737252401276363378E+00   -0.138111164073631398E+01    0.670676863053982970E+02
    0.301329733266919428E-07    0.136167145441542715E+03    0.347415802470911643E+02    0.195802747148453860E+00    0.695817828916355019E+00   -0.167041001611872830E+01    0.190223186562498121E+02
    0.557255690337731463E-07    0.134887507323248400E+03    0.288804930056776996E+02    0.376161311252683594E+00    0.706940524171817852E+00   -0.207703060656486294E+01    0.103441070378331759E+02
    0.702944378327002276E-07    0.134373000154131518E+03    0.305427997660565644E+02    0.213327494520148347E+00    0.918749799577509241E+00   -0.295317419016423077E+01    0.358761882051871694E+02
    0.139093819067697328E-06    0.132958088179071893E+03    0.309865796252967307E+02    0.211158710187832332E+00    0.770364144244935822E+00   -0.189082477277136629E+01    0.303134846803812046E+02
    0.146300052951450785E-06    0.132807066164686972E+03    0.348592480992260363E+02    0.209455045946147472E+00    0.713873423510033134E+00   -0.171909885719603417E+01    0.322227778786514349E+02
    0.164646582869332120E-06    0.132520782995212443E+03    0.723786239722540170E+01    0.363929292688339179E+00    0.869918522049021314E+00   -0.196994300584849102E+01    0.319547009830236917E+02
    0.161367606705726801E-06    0.132511015437123206E+03    0.319616415735001667E+02    0.485831895660297941E+00    0.987893301605545671E+00   -0.467985407553057087E+01    0.137772163069434104E+02
    0.178166632362094328E-06    0.132262947006104042E+03    0.410021432552919549E+02    0.267039709172501805E+00    0.808040989731162007E+00   -0.280881104719403663E+01    0.189595849303631780E+02
    0.218099200205558098E-06    0.131808485492411563E+03    0.229286659358261247E+02    0.175444323508964689E+00    0.715926059525860192E+00   -0.171508802348637190E+01    0.554594123586967243E+02
    0.275791263587949854E-06    0.131289096928140793E+03    0.353919701109370664E+02    0.202796375323005762E+00    0.841023392595267594E+00   -0.297866087540199098E+01    0.341002823615481461E+02
    0.338802997527397768E-06    0.130827547884169462E+03    0.252477692308681334E+02    0.472570338662941014E+00    0.695027662044844452E+00   -0.178784830006744944E+01    0.148107234488954305E+02
    0.353703084797864923E-06    0.130691469869248351E+03    0.347813378131379665E+02    0.281122544962473353E+00    0.829389532250953243E+00   -0.301449697164025388E+01    0.215939559843581215E+02
    0.375488561173141056E-06    0.130521929488975672E+03    0.312809430831435478E+02    0.419618171246249505E+00    0.101903920694251182E+01   -0.476597201821406280E+01    0.144330893540393799E+02
    0.382247404575098080E-06    0.130436249394766463E+03    0.185571710307377415E+02    0.224395914319648976E+00    0.766627805943379537E+00   -0.146477480391168235E+01    0.549723528938278463E+02
    0.437437518112760600E-06    0.130116517744901387E+03    0.205555370036612075E+02    0.257272247528364584E+00    0.539120583399649633E+00   -0.356927035893298217E+00    0.751849266172622208E+02
    0.701832612958769858E-06    0.129120995639583782E+03    0.285754542262888229E+02    0.220463090194220501E+00    0.882320432493608919E+00   -0.315129681460511524E+01    0.460753322083713641E+02
    0.738642921298731537E-06    0.128968756279761635E+03    0.330488494740433296E+02    0.370570479464540414E+00    0.763006860647781338E+00   -0.243964526858733466E+01    0.174030472358414876E+02
    0.964281754425687749E-06    0.128385618448051275E+03    0.140846064190135607E+02    0.186566478297231414E+00    0.503803699878984212E+00    0.271436976826943288E+00    0.115447387718347215E+03
    0.116252770333806112E-05    0.127961681568601918E+03    0.206947223299581964E+02    0.209807547163450986E+00    0.563877969873694540E+00   -0.458265228201720110E+00    0.873640096508192414E+02
    0.114372269044646756E-05    0.127944298026415126E+03    0.309716082700692006E+02    0.362655774306114842E+00    0.948965741126544970E+00   -0.356165641212518924E+01    0.134933896465795229E+02
    0.114645846688479352E-05    0.127889519753341162E+03    0.369374800849966789E+02    0.198735376499389327E+00    0.822098761939650147E+00   -0.256828948411724589E+01    0.281615754682317814E+02
    0.118581443540115639E-05    0.127772015295106172E+03    0.134376872964762981E+02    0.351105319148525330E+00    0.800648727854749498E+00   -0.194557794360323477E+01    0.554458910495689636E+02
    0.129120560284043415E-05    0.127551722231100086E+03    0.258143423115114068E+02    0.619862192262357614E+00    0.750025447430438974E+00   -0.267064057283332446E+01    0.808415348050578508E+01
    0.136207505558588156E-05    0.127394856320449165E+03    0.144700018243147799E+02    0.424847018177049118E+00    0.698884849367060301E+00   -0.174343603097519217E+01    0.564041948984047465E+02
    0.148678787386721547E-05    0.127169638939554417E+03    0.162251618422068304E+02    0.466309337412540270E+00    0.859529348604018417E+00   -0.257000800587138833E+01    0.793689677115082759E+00
    0.146125153957178298E-05    0.127154288371844117E+03    0.291252247261301065E+02    0.214224776076238271E+00    0.714017935355784505E+00   -0.181873067101155961E+01    0.542620202283258806E+02
    0.180731873618369141E-05    0.126679186175143769E+03    0.150010628839472737E+02    0.555451887359664886E+00    0.697863349714931469E+00   -0.168315462267411720E+01    0.464359623723536856E+02
    0.191442170981479881E-05    0.126514043751012196E+03    0.202289557987448561E+02    0.405132217601524236E+00    0.723670429491606537E+00   -0.166247582793589510E+01    0.129307096716015426E+02
    0.282022810658276270E-05    0.125689239405573986E+03    0.104662954261286547E+02    0.201919700717643674E+00    0.730533986703060245E+00   -0.960451923299656007E+00    0.781802133843081464E+02
    0.506796904112325710E-05    0.124466994639163318E+03    0.160692436083779171E+02    0.228384808516089555E+00    0.838999884288556652E+00   -0.173547799812369008E+01    0.119998955738784989E+02
    0.541304646249771389E-05    0.124285250844089106E+03    0.121141448807636714E+02    0.303454869739822775E+00    0.574217090708678546E+00   -0.228668019787678395E+00    0.323600867642024497E+02
    0.721655422829082204E-05    0.123660119776082425E+03    0.972247792350394668E+01    0.627558526841367814E+00    0.903873363286329390E+00   -0.325837358887982864E+01    0.428872855425667510E+01
    0.786058344333545633E-05    0.123439153280413151E+03    0.242459167147481409E+02    0.234763200197681821E+00    0.833019499860987112E+00   -0.252167397259101467E+01    0.538507420230434874E+02
    0.947589032546235520E-05    0.123015373522045650E+03    0.209298796465424921E+02    0.268912131591153458E+00    0.704577616494379444E+00   -0.154641053844136200E+01    0.131866456279259889E+02
    0.114072990464165202E-04    0.122594368111156925E+03    0.238091511318807747E+02    0.368860103649476412E+00    0.688497734234220116E+00   -0.159329171252390100E+01    0.293475810390119882E+02
    0.165647825817700228E-04    0.121798317125632707E+03    0.161724606217613776E+02    0.619745050545254750E+00    0.992127894486504847E+00   -0.382144656112688974E+01    0.286554300446994148E+01
    0.223458424104101536E-04    0.121149594382950099E+03    0.126337024481529312E+02    0.206785967536959520E+00    0.601800522435311680E+00   -0.295724078499117693E+00    0.364718146398559284E+02
    0.278084710012723795E-04    0.120662193573535205E+03    0.835044706891186017E+01    0.599645803073455386E+00    0.586227419410024320E+00   -0.728305226862897337E+00    0.447895668404928813E+02
    0.326642369880006460E-04    0.120290313328013767E+03    0.176299670094421970E+02    0.212281676212078413E+00    0.800519492954045453E+00   -0.212312607210198578E+01    0.120800322102442550E+02
    0.348700273920677772E-04    0.120109619654178630E+03    0.907657574777207543E+01    0.238196574817540974E+00    0.707345434053998856E+00   -0.795244443743218010E+00    0.341025184939025436E+02
    0.433912094745606206E-04    0.119622361198805820E+03    0.265695928267419532E+02    0.259018084094633561E+00    0.952069170934672027E+00   -0.365802053280205586E+01    0.274314694808128969E+02
    0.470440834274804380E-04    0.119410704731890036E+03    0.187280839989058592E+02    0.465766462747343402E+00    0.670414454249831815E+00   -0.168405038751683023E+01    0.427844243179883108E+02
    0.468915230702942067E-04    0.119367201117957478E+03    0.159963605441717363E+02    0.476359578471093004E+00    0.980065257898433129E+00   -0.376547447412109904E+01    0.227070578684908639E+02
    0.566856647459532597E-04    0.118937832241814235E+03    0.135826800965305026E+02    0.540412373407671121E+00    0.594384300290374923E+00   -0.841785831292695241E+00    0.538990621649834196E+02
    0.626159292059073777E-04    0.118688835534860004E+03    0.268159439758441742E+02    0.239341007071435186E+00    0.868299427378422806E+00   -0.283700698071930635E+01    0.154196288762523555E+02
    0.625759232794035497E-04    0.118640113762702185E+03    0.101219845396039805E+02    0.224995615972434421E+00    0.105739891147515230E+01   -0.301036593823832543E+01    0.436157315263908885E+00
    0.641932267078242937E-04    0.118539079542376243E+03    0.169995968271620690E+02    0.295413822994407160E+00    0.759780536662502115E+00   -0.163260897118793613E+01    0.478634991975849715E+02
    0.714694667660663259E-04    0.118274334306136964E+03    0.831224513141755850E+01    0.224968661504515943E+00    0.919189036238132307E+00   -0.208780984519926527E+01    0.175246181886195984E+02
    0.707997784522964636E-04    0.118243163203669781E+03    0.138077139350865057E+02    0.243597973762316455E+00    0.680371329602352137E+00   -0.112234494815677310E+01    0.793406336506732686E+02
    0.774953749492256552E-04    0.118012438433641648E+03    0.119510832196173524E+02    0.284368778485049323E+00    0.100604810802206845E+01   -0.344781158025085865E+01    0.111095482261487106E+02
    0.861835629189420757E-04    0.117749915998466079E+03    0.218077653324360980E+02    0.313734492717691271E+00    0.999158696825453774E+00   -0.368409699198170193E+01    0.268227021091279525E+02
    0.961367356471272964E-04    0.117481331931189473E+03    0.153774917625167262E+02    0.191358109952452893E+00    0.669848895460381177E+00   -0.797758075165499014E+00    0.300322960929130574E+02
    0.987732286203617211E-04    0.117377221741339412E+03    0.168951603046456924E+02    0.574458792198400570E+00    0.604529774457041924E+00   -0.121652175300163279E+01    0.332551810838198350E+02
    0.963492925678657353E-04    0.117376914841614536E+03    0.114884308748402990E+02    0.302451835811514191E+00    0.702834501491181318E+00   -0.118609435873401226E+01    0.975579308059550065E+01
    0.971450619397984296E-04    0.117310464256056861E+03    0.134982181606467240E+02    0.425120802922467733E+00    0.100634550768969122E+01   -0.316293354293833406E+01    0.123125847225439866E+02
    0.167693241966262573E-03    0.116168602207320575E+03    0.171541841505642729E+02    0.217774812842332577E+00    0.912651964536829730E+00   -0.270057215323511279E+01    0.194026910199229974E+01
    0.191034282684435106E-03    0.115857969141780501E+03    0.157363387180632337E+02    0.177984253157395411E+00    0.792680167612333064E+00   -0.146629004362270887E+01    0.202763792140438959E+02
    0.197674075634655933E-03    0.115739635763132299E+03    0.209168519697120416E+02    0.447223887579209167E+00    0.104779822430313452E+01   -0.447528695019440814E+01    0.156401655091646212E+02
    0.253674959695234154E-03    0.115190767424086303E+03    0.220741937794671301E+02    0.360310491195365790E+00    0.785651318166081802E+00   -0.235478500481917585E+01    0.337818087957453201E+02
    0.261582093849802987E-03    0.115079378609341731E+03    0.124269079988171356E+02    0.443832941797213720E+00    0.747502205482036497E+00   -0.197963349773708441E+01    0.233052959033270533E+02
    0.273046280886407870E-03    0.114943592330903002E+03    0.176042120725669733E+02    0.383205256417805229E+00    0.716719886198895595E+00   -0.159644727473806958E+01    0.395559052757350145E+02
    0.281371826614956538E-03    0.114833520904591666E+03    0.106383631492467057E+02    0.213019611614928051E+00    0.105347514762738959E+01   -0.329906211952977646E+01    0.361727292015605997E+02
    0.278717804788335469E-03    0.114802475311476286E+03    0.174625561656503763E+02    0.455192556761025546E+00    0.776634613057852641E+00   -0.210288734374507591E+01    0.256363424086243157E+02
    0.272222560486957759E-03    0.114799635009035782E+03    0.158048104872821717E+02    0.415520927457763534E+00    0.793756694057067502E+00   -0.235471845384745526E+01    0.979168195312500877E+01
    0.283883738853728056E-03    0.114665745378423665E+03    0.944368344100315937E+01    0.286476469542057854E+00    0.105538457536454677E+01   -0.287987749225600220E+01    0.158852652858353220E+02
    0.289890378144619517E-03    0.114573869256409182E+03    0.125326784742072785E+02    0.309808124894052350E+00    0.810402066260518250E+00   -0.215417765476042922E+01    0.420370518050992814E+02
    0.285211626320255862E-03    0.114556412040233539E+03    0.906880184042834614E+01    0.370305390180591831E+00    0.100450047955528432E+01   -0.294476308619022076E+01    0.211833871593920691E+02
    0.332062842440423295E-03    0.114202226475722526E+03    0.156216684288257888E+02    0.306958779694120609E+00    0.736326479100109510E+00   -0.141239699676379149E+01    0.255273910253722534E+02
    0.361667583641133231E-03    0.113981423921216617E+03    0.108570189664837891E+02    0.273427828487874558E+00    0.864558795528316493E+00   -0.186412971362783986E+01    0.336534284443338763E+02
    0.358289419713740838E-03    0.113950192757154099E+03    0.958239642966557525E+01    0.227162423768401706E+00    0.749601043957892732E+00   -0.119779915236871615E+01    0.479285503880337345E+02
    0.376940420631046141E-03    0.113798700667654288E+03    0.171108147232956007E+02    0.442739618163135451E+00    0.909827798358149309E+00   -0.335762706640390896E+01    0.107134804991317196E+02
    0.367659889247104281E-03    0.113798558353014826E+03    0.129436194892462701E+02    0.245125806739878188E+00    0.644163574114791526E+00   -0.713794115169895771E+00    0.665969263439233146E+02
    0.392924699986187023E-03    0.113615638965804720E+03    0.140523122731537313E+02    0.462011637367330918E+00    0.815573414902344584E+00   -0.257568054621636389E+01    0.145031375074634710E+02
    0.456470533127828612E-03    0.113265826649857772E+03    0.222526942378831549E+02    0.224017536155747043E+00    0.870248212496371742E+00   -0.250301716251182338E+01    0.276139146495361132E+02
    0.464113015192517213E-03    0.113182618767061967E+03    0.196077931895322664E+02    0.440090876788924668E+00    0.947921034881765934E+00   -0.366308539387231313E+01    0.879050176988355148E+01
    0.485291537150280635E-03    0.113043375310907493E+03    0.133715908680237874E+02    0.335160297625928028E+00    0.828196667990869329E+00   -0.197986540224921681E+01    0.350754231949619708E+02
    0.506489656978596357E-03    0.112907867140839826E+03    0.202150235940000300E+02    0.175011926098850357E+00    0.888199333643699851E+00   -0.250892085807126142E+01    0.440351649009141966E+02
    0.494237924647013163E-03    0.112906840886485469E+03    0.104680186577661445E+02    0.347860594768150011E+00    0.675899827265659225E+00   -0.976065184518200901E+00    0.524050187459967844E+02
    0.488439737941519106E-03    0.112880442741762948E+03    0.196410557309737612E+02    0.188832842592857958E+00    0.738064107733846897E+00   -0.151589615119181143E+01    0.450901901145557673E+02
    0.484308155787991040E-03    0.112847432167388064E+03    0.155625917327964132E+02    0.190878573565319065E+00    0.685076826511860637E+00   -0.100521688671319609E+01    0.644875939627190746E+02
    0.483721269532544611E-03    0.112799857243783478E+03    0.195658522619454054E+02    0.307829975797250410E+00    0.762880348833173461E+00   -0.199548718877847864E+01    0.414102541658413728E+02
    0.483390746999655375E-03    0.112751224293474124E+03    0.105008106255736813E+02    0.184028366594207987E+00    0.948324022528917343E+00   -0.207069692286139695E+01    0.241825937668973197E+02
    0.531981820948972920E-03    0.112509656311431144E+03    0.175222504602738063E+02    0.370145538232941329E+00    0.698805785914388466E+00   -0.150905830222442772E+01    0.356579115361183909E+02
    0.578737559484694859E-03    0.112291176727292410E+03    0.217132804331569638E+02    0.285713150143578953E+00    0.113012600303691579E+01   -0.444329787841974522E+01    0.747549236619684621E+01
    0.578236642321786781E-03    0.112242908545317121E+03    0.131915162690122614E+02    0.299734795315168723E+00    0.656757973210306822E+00   -0.862084389213963020E+00    0.447797863084331738E+02
    0.591900103583358600E-03    0.112146199193253395E+03    0.134254171001033527E+02    0.677984060098871910E+00    0.755742205322396221E+00   -0.230492536476407572E+01    0.746638578345830162E+01
    0.590205809219550206E-03    0.112101932336132251E+03    0.135720279182586445E+02    0.205555459446147726E+00    0.116382868449802723E+01   -0.371522740508601235E+01    0.198152099013276128E+02
    0.594815135331024222E-03    0.112036373625956244E+03    0.115375567491285942E+02    0.414993864043468275E+00    0.739898573550018757E+00   -0.149808454450459161E+01    0.385359369596247205E+02
    0.603855402262519231E-03    0.111956205408556855E+03    0.138977891152654927E+02    0.340653788926402579E+00    0.108513049960783192E+01   -0.402117981307713013E+01    0.192595798732964241E+01
    0.622347140981309834E-03    0.111845878863592901E+03    0.115845946749681588E+02    0.304412770278000233E+00    0.692104491645594622E+00   -0.976354109418540728E+00    0.341606291612607720E+02
    0.700442118421813059E-03    0.111559451479819728E+03    0.104383082259981261E+02    0.195553455988606517E+00    0.834778167604851129E+00   -0.157979240765277340E+01    0.430532909483555386E+02
    0.730731982056396796E-03    0.111424781452839312E+03    0.906396742833060287E+01    0.248166187893367196E+00    0.902464278236857820E+00   -0.204551875561084051E+01    0.198663627885982912E+02
    0.731138628385866445E-03    0.111373668778880202E+03    0.149023593797458425E+02    0.379596981678343826E+00    0.712626462469950983E+00   -0.143565752727134255E+01    0.252724267382014069E+02
    0.775419570189366707E-03    0.111206066419151455E+03    0.987144961805937449E+01    0.769229673669767244E+00    0.796249296785676686E+00   -0.249185507867964606E+01    0.645728477944264156E+01
    0.789261638087729658E-03    0.111120679200479358E+03    0.209011043928839513E+02    0.271877434747451519E+00    0.858630892156761805E+00   -0.259854981369401461E+01    0.327687292500835312E+02
    0.793075322729734395E-03    0.111061038543347863E+03    0.199200688240844990E+02    0.177733672994611014E+00    0.787527999972181814E+00   -0.193262779107790506E+01    0.414000968736004253E+02
    0.927705793933875913E-03    0.110697445646405697E+03    0.180596775316278411E+02    0.291603670501833279E+00    0.769433359643488246E+00   -0.200333388354128861E+01    0.327753637356989955E+02
    0.104060886581751550E-02    0.110417752409191394E+03    0.223829085048064798E+02    0.226064872934249178E+00    0.104886451448012652E+01   -0.387660165697411463E+01    0.244463190447205321E+02
    0.102206509187180721E-02    0.110403714027824833E+03    0.123638723606251428E+02    0.478360556149914296E+00    0.919864053630318423E+00   -0.324414543928525934E+01    0.149774885108767357E+02
    0.106621970554882117E-02    0.110269125574138059E+03    0.182902840348694227E+02    0.198535608593427559E+00    0.107087951104528512E+01   -0.390924780137538841E+01    0.320420564173177809E+02
    0.106706538910198595E-02    0.110217539881537320E+03    0.105445440372222201E+02    0.484630915924516459E+00    0.925270848736704732E+00   -0.297383828873332634E+01    0.217527802158526420E+02
    0.113320689280476490E-02    0.110047261245569587E+03    0.137650853195378176E+02    0.233601439195787630E+00    0.102333987931386594E+01   -0.348622811378913600E+01    0.965617594088853615E+01
    0.119859839423546669E-02    0.109885058650003444E+03    0.190784699205399377E+02    0.222723312322908040E+00    0.830529581301505226E+00   -0.218305518465037274E+01    0.203846443611972390E+02
    0.130515261047493532E-02    0.109664724435025278E+03    0.151744152063680566E+02    0.386831485681750076E+00    0.105177602511976165E+01   -0.371501759401856635E+01    0.150213286889518436E+02
    0.140926845361459834E-02    0.109461222903627402E+03    0.186604915462951624E+02    0.327277302010769822E+00    0.919726739439894025E+00   -0.296599991702883781E+01    0.238965231808440350E+02
    0.146001250886087716E-02    0.109340474381892420E+03    0.127693420285392349E+02    0.370105767414118436E+00    0.858780814359542122E+00   -0.218472823964318330E+01    0.228180555675389414E+02
    0.170088321602606687E-02    0.108985069078710424E+03    0.134711179865609658E+02    0.609416167764897154E+00    0.808221171142732397E+00   -0.257770772237754198E+01    0.866967983784536855E+01
    0.171136984607207733E-02    0.108922776129893563E+03    0.178448982483296916E+02    0.362166874266403260E+00    0.899441108571454206E+00   -0.284064688659464215E+01    0.208662832868897148E+02
    0.172927608813876199E-02    0.108851958639137166E+03    0.200533862534024792E+02    0.176201690271392153E+00    0.933049698931884053E+00   -0.288605758631826159E+01    0.146282491921913582E+02
    0.170282418586042571E-02    0.108832788071778211E+03    0.925054807780798782E+01    0.253388190481753650E+00    0.105778944218611448E+01   -0.306324768119341284E+01    0.208257976658062809E+02
    0.188321613403233498E-02    0.108581402339012257E+03    0.102024740878255322E+02    0.214687234091770957E+00    0.130405408763755082E+01   -0.441744145779327013E+01    0.552403290831558635E+01
    0.183703912226342221E-02    0.108581054183027405E+03    0.128236939837168027E+02    0.210906356192882255E+00    0.945239855063203183E+00   -0.283832887192540806E+01    0.172726408132843012E+02
    0.189064460290411067E-02    0.108473528727362307E+03    0.118009833557515478E+02    0.230510370223769745E+00    0.729666740820835713E+00   -0.117713310271617178E+01    0.332952130715794681E+02
    0.184752879637236928E-02    0.108469666467908340E+03    0.163473429258276255E+02    0.263361808343822612E+00    0.819204377976201825E+00   -0.225132189504763591E+01    0.325378238019430555E+02
    0.198090939839076861E-02    0.108280252325924053E+03    0.162270276570140126E+02    0.186829783337791988E+00    0.124924431719013018E+01   -0.458003961790143599E+01    0.440921592176022870E+01
    0.207372243072747719E-02    0.108138673852627207E+03    0.171362551018888922E+02    0.182740558584559620E+00    0.769776650165468146E+00   -0.165779648702938864E+01    0.388632369773384809E+02
    0.228633302661350284E-02    0.107893465917294392E+03    0.134389333591795470E+02    0.232716786672604231E+00    0.920020283437579911E+00   -0.275947049328971072E+01    0.202474257865385923E+02
    0.228094286564408701E-02    0.107848186598592449E+03    0.135125990028744045E+02    0.181183731123140485E+00    0.789531374504026107E+00   -0.153093058345037814E+01    0.213078971845609821E+02
    0.223951278498751372E-02    0.107834847717671494E+03    0.128642963951680134E+02    0.450303733221862013E+00    0.102725651367149307E+01   -0.393926330224715571E+01    0.138361259187588352E+02
    0.227262193701606571E-02    0.107755495982119726E+03    0.125227864481647355E+02    0.236597971170686622E+00    0.837696949727139262E+00   -0.191448770641558186E+01    0.126450843027878221E+02
    0.235902418995591985E-02    0.107630868279286673E+03    0.159003672004371026E+02    0.281330987682856137E+00    0.944001868946794609E+00   -0.298219584139805516E+01    0.319164684571428339E+02
    0.245501964299792456E-02    0.107501094863814103E+03    0.112319437222902430E+02    0.200843824274184984E+00    0.958588897347249502E+00   -0.248018255545207555E+01    0.884649808603766452E+01
    0.244712788681624577E-02    0.107457534297104289E+03    0.161707828984071362E+02    0.242152341822701067E+00    0.805493759406946341E+00   -0.201979313814276162E+01    0.222063300759886992E+02
    0.287379925739943273E-02    0.107086094513866897E+03    0.109274993018841080E+02    0.237683705095490611E+00    0.794940309338669437E+00   -0.162743526798313187E+01    0.404097799033030611E+02
    0.298799138256635420E-02    0.106958161622180413E+03    0.146382173697338409E+02    0.343473820500176663E+00    0.809557465276623756E+00   -0.224474898075237705E+01    0.228942859499973856E+02
    0.301145633831878621E-02    0.106892516798526003E+03    0.151957999425002441E+02    0.267817525771751830E+00    0.100216701926058560E+01   -0.315765194090517820E+01    0.781985114332692355E+01
    0.310911368669025733E-02    0.106778688993941770E+03    0.184697595907333110E+02    0.175605316570922709E+00    0.934018690946192831E+00   -0.294197867918148726E+01    0.249244504774951281E+02
    0.312361878922397035E-02    0.106719379992615771E+03    0.128322156517747672E+02    0.364870642993732175E+00    0.107569152278384284E+01   -0.408949345142904441E+01    0.136015454987641746E+02
    0.309526139490310520E-02    0.106687619669229420E+03    0.101828489670857962E+02    0.208233910779125675E+00    0.950121604837684153E+00   -0.254949314805938254E+01    0.284096648132105969E+02
    0.320860306153029559E-02    0.106565693070488791E+03    0.117434729781429112E+02    0.249020217380996639E+00    0.122120744319504326E+01   -0.458086637549826570E+01    0.530282708342233633E+01
    0.315374280887257327E-02    0.106550184507110473E+03    0.124589961966583154E+02    0.182712981562169891E+00    0.941914723471334536E+00   -0.225442529078985388E+01    0.248630274774253834E+02
    0.322888118064363142E-02    0.106453093001628915E+03    0.112778831921733556E+02    0.614576424028120072E+00    0.761487116001472009E+00   -0.217007708009379208E+01    0.179653353995206295E+02
    0.333115882742216320E-02    0.106340723909328190E+03    0.165953251877884753E+02    0.351319515358619938E+00    0.832758961119810737E+00   -0.246302877229348116E+01    0.254169313726037629E+02
    0.337392325792971451E-02    0.106265211911216127E+03    0.135576064891545407E+02    0.177032736752492981E+00    0.844483744746165721E+00   -0.199315393106230498E+01    0.176410733263340376E+02
    0.344236588246374419E-02    0.106175046405646711E+03    0.120695216749304066E+02    0.254621341328558626E+00    0.851066406759671268E+00   -0.220631605832477629E+01    0.289173075877775254E+02
    0.360037657408496031E-02    0.106035287500877473E+03    0.131591484844893873E+02    0.394563648868528460E+00    0.762795091929643898E+00   -0.180026341383583155E+01    0.206799035545104850E+02
    0.355442456216611144E-02    0.106010978022743799E+03    0.119966432130125682E+02    0.533887127416273310E+00    0.774985021899158966E+00   -0.214870134754400555E+01    0.151035136267195895E+02
    0.360603897378705988E-02    0.105932144523162791E+03    0.162517688239706501E+02    0.208593112852580254E+00    0.951746609888024842E+00   -0.279156867277967002E+01    0.116943572358183818E+02
    0.381240846200829337E-02    0.105770842125324847E+03    0.127611792407602103E+02    0.325550139084938017E+00    0.820680813419368826E+00   -0.199568178162245569E+01    0.156187530890472441E+02
    0.382867406911058770E-02    0.105712327294288983E+03    0.126659480388030676E+02    0.274481371189882029E+00    0.912285493554539917E+00   -0.271911530417171088E+01    0.209229152121070570E+02
    0.374661423215151860E-02    0.105705659267241060E+03    0.164454189762403828E+02    0.337493305495285834E+00    0.900158421929824648E+00   -0.294121979488765239E+01    0.194455572995450012E+02
    0.413349315403494823E-02    0.105459118689697078E+03    0.166256342140262916E+02    0.316162186489688912E+00    0.908551382514532491E+00   -0.276431436217559590E+01    0.170834195332083141E+02
    0.414788511689882268E-02    0.105402167200762804E+03    0.152811438524124945E+02    0.359484593374424899E+00    0.823330257380610830E+00   -0.235543726443078194E+01    0.226145271455438461E+02
    0.419536999752735413E-02    0.105329401317327836E+03    0.119214622626898787E+02    0.368979388544196596E+00    0.805680138345166941E+00   -0.203000728669808961E+01    0.328844275962585399E+02
    0.419468203582879558E-02    0.105279729306569081E+03    0.116102028646322530E+02    0.388636092099834463E+00    0.763629838900252600E+00   -0.170786674037809449E+01    0.253744224756999515E+02
    0.417624364637365041E-02    0.105238540002052346E+03    0.171966992360120443E+02    0.191477947410096661E+00    0.100622685854957683E+01   -0.338514474093147877E+01    0.144095820627790836E+02
    0.430947810904644835E-02    0.105125730771894212E+03    0.109325730478965504E+02    0.396347529072649918E+00    0.785943587331091487E+00   -0.187876671052610744E+01    0.258546799013822302E+02
    0.449754971235313047E-02    0.104990298908461781E+03    0.150448752676887718E+02    0.280497161918235816E+00    0.943554577187242449E+00   -0.306875076954443005E+01    0.266575974842541115E+02
    0.461025030092221660E-02    0.104890800087194307E+03    0.159271914693553001E+02    0.213322962071444300E+00    0.860638609367544660E+00   -0.220347587895163999E+01    0.340059079830380142E+02
    0.459974945231277250E-02    0.104845360718439053E+03    0.161209539814406213E+02    0.230738003632103866E+00    0.932152593539561036E+00   -0.264629487160040489E+01    0.236773656759820703E+02
    0.454372270358692400E-02    0.104819871079049406E+03    0.109060947747885297E+02    0.266941099429312489E+00    0.981045994905000440E+00   -0.266634774562060128E+01    0.138624694788256626E+02
    0.449932500966373095E-02    0.104789509613339433E+03    0.145239375421891683E+02    0.309566435526072437E+00    0.115069908339915661E+01   -0.413734501487633377E+01    0.127359400227907820E+02
    0.461219669116847558E-02    0.104689955890300865E+03    0.179582172128493980E+02    0.186018961694808915E+00    0.915925344435732258E+00   -0.269167635666513316E+01    0.210653824627847079E+02
    0.468338491332165839E-02    0.104609322147542073E+03    0.120417656690672992E+02    0.338535614064984280E+00    0.972532416186139170E+00   -0.285768675188288768E+01    0.171156469828520628E+02
    0.461628217417426462E-02    0.104588185074836147E+03    0.163681690478185260E+02    0.312985804130402501E+00    0.105603275665943785E+01   -0.370255816683362404E+01    0.119013975502597749E+02
    0.463205552153051273E-02    0.104531362935260645E+03    0.126393862488799371E+02    0.235184202548812893E+00    0.825615912606808000E+00   -0.189989524737756521E+01    0.211930842419017047E+02
    0.482911356491159353E-02    0.104398038540909482E+03    0.190442576739150446E+02    0.213372303647975797E+00    0.101871267357651352E+01   -0.347366755249739256E+01    0.222338866315719876E+02
    0.476954216860310705E-02    0.104372863750947715E+03    0.102653542374507651E+02    0.321205448588304521E+00    0.924506643757382229E+00   -0.258990786280590068E+01    0.169534641434708107E+02
    0.491420667007359639E-02    0.104263103727452091E+03    0.149521307405232946E+02    0.175365122321697597E+00    0.121765930282193180E+01   -0.421746214013095333E+01    0.762416717429659130E+01
    0.484753655730327335E-02    0.104240423089521570E+03    0.142887252468489123E+02    0.348142416424719159E+00    0.993559328750637571E+00   -0.330426860288838942E+01    0.201177810327240429E+02
    0.486385097844097437E-02    0.104183703375608388E+03    0.138919490967047032E+02    0.361496091102192940E+00    0.116005262732541370E+01   -0.434850644235743466E+01    0.681956063872457818E+01
    0.477040544733482817E-02    0.104172501787226807E+03    0.114253525189013843E+02    0.264316774753436790E+00    0.108405791342120983E+01   -0.367727301993898337E+01    0.996465315319462697E+01
    0.468471322843788326E-02    0.104158754982209260E+03    0.200748910785781121E+02    0.210926603481470021E+00    0.118959649629902575E+01   -0.479197240720216477E+01    0.139535950903860488E+02
    0.553939050809839663E-02    0.103773595432448985E+03    0.134975754310273146E+02    0.451129148150763049E+00    0.994100171504506691E+00   -0.363545146694100829E+01    0.135171968464788925E+02
    0.574523058330248318E-02    0.103650624295004633E+03    0.146133687298986494E+02    0.187901621847345268E+00    0.121473059937507566E+01   -0.434658768731877387E+01    0.211200898717171519E+02
    0.561726284963940097E-02    0.103645675373018079E+03    0.103392956267289780E+02    0.260774540240025887E+00    0.970022524891043569E+00   -0.273237849562582058E+01    0.170972742273287821E+02
    0.550837771892140685E-02    0.103634824078815029E+03    0.150663136354815173E+02    0.193352342987068493E+00    0.967000537179247055E+00   -0.297400393820671738E+01    0.149290816233200196E+02
    0.557134186959234567E-02    0.103562092518514945E+03    0.142361521433001954E+02    0.345420278321615482E+00    0.122728987111710830E+01   -0.477214081357107922E+01    0.800880565811570122E+01
    0.551236026099977388E-02    0.103533378606739021E+03    0.139188836855762865E+02    0.373781225352596946E+00    0.979718452675987339E+00   -0.330688946922764115E+01    0.197352361632644460E+02
    0.571580192885005802E-02    0.103410895173862130E+03    0.128638608103349910E+02    0.210923443467278204E+00    0.104594034787410362E+01   -0.303559333226321026E+01    0.164803322659906932E+02
    0.561455794766868143E-02    0.103396638672583407E+03    0.180075568743164780E+02    0.235487094643782507E+00    0.107591632581381291E+01   -0.387102188184802110E+01    0.198916933756494885E+02
    0.569034209038177686E-02    0.103319823653358355E+03    0.190409250816759688E+02    0.218588623767235035E+00    0.121744375459485754E+01   -0.490262464598590508E+01    0.108794734662224961E+02
    0.563393443146659786E-02    0.103289748325927121E+03    0.174626329544255761E+02    0.209034409916815128E+00    0.110399622063250025E+01   -0.400449504883615504E+01    0.105528235339096987E+02
    0.550863276422576716E-02    0.103284731478266167E+03    0.151045173703372413E+02    0.355611070864891798E+00    0.987320818164248659E+00   -0.344131581276843912E+01    0.190763681102399900E+02
    0.573589780624969136E-02    0.103153875814817582E+03    0.107610681759651463E+02    0.192539533434381793E+00    0.102191580628456902E+01   -0.286366936866801325E+01    0.262578500880602164E+02
    0.573592336819466180E-02    0.103103866901866581E+03    0.111584837776222869E+02    0.188482254991676867E+00    0.913847337681542693E+00   -0.224548991671817522E+01    0.311365069520078990E+02
    0.572677944852304551E-02    0.103057057744988796E+03    0.104156575129880959E+02    0.305200981384042003E+00    0.103285473572576869E+01   -0.318884678594046056E+01    0.119559891898322697E+02
    0.577211288322205304E-02    0.102991287993169024E+03    0.119127860030668167E+02    0.178032147901742793E+00    0.106828360954285206E+01   -0.341055428909649727E+01    0.141939819263629765E+02
    0.594339496916536369E-02    0.102882803361212879E+03    0.111359684471836555E+02    0.278123657652483036E+00    0.895654902812796028E+00   -0.237185893141774828E+01    0.258833194942115341E+02
    0.586564588477972958E-02    0.102859139186036870E+03    0.182101628718652151E+02    0.206508918712577566E+00    0.116180385719435919E+01   -0.451171349038363356E+01    0.128433786474866807E+02
    0.608855111297284743E-02    0.102734544106820920E+03    0.108349254007147717E+02    0.256795375103431478E+00    0.956384446243932484E+00   -0.263088270031178872E+01    0.162142177646323553E+02
    0.613133895452999331E-02    0.102670538083464578E+03    0.167535882855590046E+02    0.212589858272428572E+00    0.969411649162085443E+00   -0.297552890482907451E+01    0.235219864207169707E+02
    0.630331532832586854E-02    0.102565212913541700E+03    0.162605131521352320E+02    0.208926822175368204E+00    0.122579346527739985E+01   -0.492276047062086697E+01    0.143728483179221875E+02
    0.635854965686958543E-02    0.102497763768737471E+03    0.135842579154027838E+02    0.195245429425306261E+00    0.110432651225801481E+01   -0.386156014573299977E+01    0.141742860856490367E+02
    0.625311346068601736E-02    0.102481205401843937E+03    0.112530864217177484E+02    0.311823217228810456E+00    0.107899082997866547E+01   -0.361932753032052412E+01    0.882478023416556745E+01
    0.613334990043579251E-02    0.102469882234482952E+03    0.151274207248790624E+02    0.187907184778737163E+00    0.122933003244905703E+01   -0.437385496209220204E+01    0.157909292782947652E+02
    0.606449584017349722E-02    0.102442461563013538E+03    0.135349722408465674E+02    0.295698035020300620E+00    0.866599955163412927E+00   -0.239744964589553744E+01    0.226171165370209657E+02
    0.618678518196687927E-02    0.102352533198536591E+03    0.113816532435783753E+02    0.197738645284844056E+00    0.116291379027373387E+01   -0.403991006248274509E+01    0.187924005937176553E+02
    0.626899665712475889E-02    0.102276131750579950E+03    0.147975059386643508E+02    0.209193511439864477E+00    0.954549002123222468E+00   -0.273200378303553748E+01    0.275522685380415950E+02
    0.629574222638247267E-02    0.102217617253016314E+03    0.116726151816828470E+02    0.377418518838096573E+00    0.105057400715835558E+01   -0.368180252251076912E+01    0.990827347582204609E+01
    0.639359815428951726E-02    0.102136769985983236E+03    0.139639058119930048E+02    0.202279848501356274E+00    0.101032761946835881E+01   -0.298432918152551441E+01    0.130598676546204970E+02
    0.668964501819694583E-02    0.101996242766330710E+03    0.126320606805593911E+02    0.194867883346452248E+00    0.923381601196712420E+00   -0.249083222772673540E+01    0.325375213071965064E+02
    0.653747023286155218E-02    0.101992263836505543E+03    0.182209390558671949E+02    0.206207966303163792E+00    0.114694481765667700E+01   -0.436982565932877609E+01    0.157241732225575674E+02
    0.641461380044595735E-02    0.101980206801335697E+03    0.132035061958314373E+02    0.183960870201711119E+00    0.106037661913933023E+01   -0.351047693786807447E+01    0.204448388001434260E+02
    0.629562941972384993E-02    0.101967653089194243E+03    0.139197272042575975E+02    0.307786159128402625E+00    0.909731184764015821E+00   -0.270974612725822261E+01    0.172883941876767864E+02
    0.664727752155870252E-02    0.101808949637508718E+03    0.132488809435328907E+02    0.226326135185818317E+00    0.945170293572379694E+00   -0.258832893161173816E+01    0.173564369700068717E+02
    0.651766850114712890E-02    0.101798330948407838E+03    0.157214064029310645E+02    0.182166014786994707E+00    0.118609090184844068E+01   -0.413377079485034127E+01    0.153637733907649032E+02
    0.639594020471793891E-02    0.101786037496541041E+03    0.185585143417926091E+02    0.177013088158577053E+00    0.118353186701350532E+01   -0.455669545669745357E+01    0.177974570079175365E+02
    0.645513033666022477E-02    0.101717613957332318E+03    0.129997648200527216E+02    0.369316155450590267E+00    0.998949601070364901E+00   -0.343319317150595449E+01    0.128821280668663434E+02
    0.646460823281583188E-02    0.101664679564254669E+03    0.162437544798489171E+02    0.280565563594943890E+00    0.108986867074029714E+01   -0.404818638387645002E+01    0.143034217158179189E+02
    0.638135192355680086E-02    0.101640604438379285E+03    0.105372718145095483E+02    0.277003019869835942E+00    0.111371618636286351E+01   -0.364922099177097259E+01    0.133945968601161756E+02
    0.626045681013901248E-02    0.101628858078054805E+03    0.135686591350066390E+02    0.240962162141620528E+00    0.131263500011216028E+01   -0.497199843404866915E+01    0.118147881848140077E+02
    0.621335335513977741E-02    0.101593962902729572E+03    0.161770738169529835E+02    0.233981621281181829E+00    0.102872141335270140E+01   -0.338752303680927369E+01    0.158729654651001653E+02
    0.623115219133414319E-02    0.101538241872427633E+03    0.110946292908561581E+02    0.259820602296895076E+00    0.104996701377686574E+01   -0.329032131314463028E+01    0.206770530554936194E+02
    0.619155609840576094E-02    0.101500991500318023E+03    0.130723791407665288E+02    0.323220911213186524E+00    0.108429772624487009E+01   -0.379114790880298758E+01    0.164840072645076603E+02
    0.643207127540282742E-02    0.101374771162305180E+03    0.116438366831006022E+02    0.203166166312762131E+00    0.132813605545401159E+01   -0.475021957573836406E+01    0.119391367113817282E+02
    0.640266035621032611E-02    0.101333937219380886E+03    0.108289945758902633E+02    0.186447253114263883E+00    0.131965623407903765E+01   -0.478665700284118234E+01    0.159733180819809810E+02
    0.633439634447267776E-02    0.101305375348128877E+03    0.141758263765518251E+02    0.211780647832664509E+00    0.125793038681599900E+01   -0.487403802048465096E+01    0.187009662545893391E+02
    0.625163104124562465E-02    0.101281679596081830E+03    0.164588780034324387E+02    0.241042313731823665E+00    0.120279129649736571E+01   -0.460890360329175408E+01    0.102651077572490159E+02
    0.626056720966500051E-02    0.101228822809525383E+03    0.145282354734890564E+02    0.249219732881055256E+00    0.997484676186683017E+00   -0.322974752580032298E+01    0.242206631810338600E+02
    0.617801617695460607E-02    0.101205369962744228E+03    0.137391898529772973E+02    0.176001113726886149E+00    0.123171919922151929E+01   -0.467755855590076752E+01    0.181686547713433626E+02
    0.603773704938868287E-02    0.101201305826592090E+03    0.156133363464504740E+02    0.263924945636304198E+00    0.112100329025465251E+01   -0.421334357572575691E+01    0.161461610765115395E+02
    0.601391862812029280E-02    0.101159211280553720E+03    0.127313941153857009E+02    0.242854190034880207E+00    0.114037818619323339E+01   -0.381585839366882862E+01    0.163979660189769021E+02
    0.629881215714762216E-02    0.101016642250413625E+03    0.124980134334662640E+02    0.339997764328805685E+00    0.118439623683036444E+01   -0.443539296070675171E+01    0.827321070242329704E+01
    0.666409326832585486E-02    0.100853896587457697E+03    0.130441628853999170E+02    0.260987344924401787E+00    0.976457770883272125E+00   -0.288971866844428771E+01    0.156016571526373582E+02
    0.666373611512883091E-02    0.100804003777664548E+03    0.106519971232977291E+02    0.192736916422443727E+00    0.124826472348864814E+01   -0.424552574725067622E+01    0.130219264120150751E+02
    0.650848046023028669E-02    0.100801152363230557E+03    0.143718564832663738E+02    0.256415272075274869E+00    0.110772951712831480E+01   -0.390427146749974696E+01    0.191235983801993221E+02
    0.647160610027813690E-02    0.100762515757142410E+03    0.115293466583775910E+02    0.177853779649981891E+00    0.117520602754297321E+01   -0.387661879616108962E+01    0.983814258902986971E+01
    0.637127604359973964E-02    0.100743764848007714E+03    0.139932526340579848E+02    0.229841965513409491E+00    0.941700421166236312E+00   -0.267590575827524368E+01    0.213756559710763163E+02
    0.630579219127550428E-02    0.100714427175779477E+03    0.150519416300047197E+02    0.193633073405917122E+00    0.973421076433171217E+00   -0.285289362040476613E+01    0.225089758178580581E+02
    0.618782705012739173E-02    0.100702196422516948E+03    0.122468158859670808E+02    0.318727291082997577E+00    0.111965976535491873E+01   -0.393413964364634872E+01    0.141593594230113666E+02
    0.610442954005336984E-02    0.100679335065157261E+03    0.142966568511511021E+02    0.197097382196172427E+00    0.112735490143908357E+01   -0.387445882590629154E+01    0.228173917931205104E+02
    0.607182260470834866E-02    0.100640046739948943E+03    0.141818508043206251E+02    0.245010906088583530E+00    0.118969057586200111E+01   -0.438911167313351580E+01    0.825902223827666049E+01
    0.596088128723911478E-02    0.100626927714420461E+03    0.149759151398741199E+02    0.302414649767663413E+00    0.113305431877381113E+01   -0.425940307887004455E+01    0.122474145035593729E+02
    0.582993768352234407E-02    0.100621351765940204E+03    0.116314476134680174E+02    0.192634824081365008E+00    0.108689868777798737E+01   -0.346947861063932494E+01    0.143760680125654723E+02
    0.613778767327472809E-02    0.100468435661822269E+03    0.131189467446768475E+02    0.217846131556744899E+00    0.983450048113439168E+00   -0.299911174192124097E+01    0.207073871721382368E+02
    0.621042810685260103E-02    0.100394904724943743E+03    0.149087138326799327E+02    0.235176368317310563E+00    0.101619761827250232E+01   -0.334884466440934281E+01    0.172750989380941036E+02
    0.613226546581403104E-02    0.100370235884778410E+03    0.136101767625245316E+02    0.223523470238402938E+00    0.940631980038319826E+00   -0.265747280101905403E+01    0.215327655775921158E+02
    0.598319428702096933E-02    0.100369455214569044E+03    0.134431569923954086E+02    0.223065225178622761E+00    0.121263586116396493E+01   -0.426347487553050009E+01    0.109876698816127067E+02
    0.588242004131208415E-02    0.100353427890905607E+03    0.133463711485916399E+02    0.330815715442912328E+00    0.109694243343055442E+01   -0.394834904496422645E+01    0.134330703194754619E+02
    0.590470867088243884E-02    0.100295864163833542E+03    0.121922425311059861E+02    0.218408163753887469E+00    0.123879308485663597E+01   -0.451552812147133142E+01    0.176099327766625073E+02
    0.576426932447331262E-02    0.100294007584048046E+03    0.145161959952127013E+02    0.220093741347621108E+00    0.128126487345225759E+01   -0.481677067455143426E+01    0.116635366614062441E+02
    0.567317485170637688E-02    0.100275866589475143E+03    0.154920716834402210E+02    0.220502142623702768E+00    0.111430101081400768E+01   -0.403088643603560026E+01    0.189351093860054789E+02
    0.561996371612006728E-02    0.100244713973328601E+03    0.132423103678728147E+02    0.247062014362672472E+00    0.122030980579839721E+01   -0.444188164320859702E+01    0.852251489420990538E+01
    0.551476897536562656E-02    0.100232504865495031E+03    0.130391351074539656E+02    0.270519246715974548E+00    0.109781668171807922E+01   -0.377902018398414086E+01    0.184306434301490079E+02
    0.540877338136496518E-02    0.100221319717834632E+03    0.129933786313378050E+02    0.279857792289533003E+00    0.124303976726316612E+01   -0.468586344693791990E+01    0.122706467388410001E+02
    0.528600790051114624E-02    0.100217237767102347E+03    0.160713819261027844E+02    0.179580394285157624E+00    0.107279654423725224E+01   -0.355134046690089455E+01    0.157446620792330378E+02
    0.528368733297589471E-02    0.100168115963690354E+03    0.173276041581963618E+02    0.176774319236070787E+00    0.116884543267948815E+01   -0.435901490164439842E+01    0.157632107514099076E+02
    0.529857946406234702E-02    0.100112486870717007E+03    0.133734695337616145E+02    0.175665144643846693E+00    0.103955764184081256E+01   -0.321583468397384031E+01    0.273205199473383793E+02
    0.521280996642724953E-02    0.100095126286009062E+03    0.118998325076809959E+02    0.268045646766415291E+00    0.101200231092957238E+01   -0.315817858014277464E+01    0.186501788759160796E+02
    0.513892184951432289E-02    0.100073677787562957E+03    0.124197549358535522E+02    0.193386442177239437E+00    0.108537833449361987E+01   -0.343625928783085488E+01    0.235594176907195063E+02
    0.504826937243891671E-02    0.100059273416633829E+03    0.143474777751158680E+02    0.186081490933262345E+00    0.128311880884931928E+01   -0.469542689761501109E+01    0.984423938331597981E+01
    0.496571849995095047E-02    0.100042248388668781E+03    0.129061719081549846E+02    0.311037204534235834E+00    0.101622270707058937E+01   -0.334893163169158337E+01    0.158979006112040597E+02
    0.485300732046379905E-02    0.100038167230959601E+03    0.131156329338723445E+02    0.189513268798273488E+00    0.119714202645265111E+01   -0.439595645322899475E+01    0.166211898879868620E+02
    0.475877673526794911E-02    0.100027383095031198E+03    0.142992441717744168E+02    0.247076466287581620E+00    0.105925002849713890E+01   -0.365287109105063612E+01    0.169674449586468263E+02
    0.466157048338633993E-02    0.100018659578758445E+03    0.138748854964721051E+02    0.206579289522104304E+00    0.105926361834578109E+01   -0.353693351018423874E+01    0.164930682071007091E+02
    0.459339866560118989E-02    0.999981239884920825E+02    0.132881163381499334E+02    0.199623668845063662E+00    0.133114461732517242E+01   -0.493934596841771167E+01    0.114141226708083803E+02
    0.450606780735836581E-02    0.999865146084165843E+02    0.127703119424102560E+02    0.321334212873053082E+00    0.111469238611310884E+01   -0.402468521562245307E+01    0.114681397781745282E+02
    0.439648988760439011E-02    0.999857514492195065E+02    0.138636958711975460E+02    0.299854455807448073E+00    0.120128933400173654E+01   -0.467588424036596528E+01    0.110892090946450548E+02
    0.429305986610224819E-02    0.999833649202937380E+02    0.117637283934180665E+02    0.197202910537247117E+00    0.130002491931676656E+01   -0.491459607297363021E+01    0.108638495319514643E+02
    0.431000393743463921E-02    0.999254867533390012E+02    0.115617575966047283E+02    0.282409285455779868E+00    0.127399032169726101E+01   -0.485412382777914608E+01    0.105912248431539471E+02
    0.422722248740553096E-02    0.999142740786362253E+02    0.116754337983870045E+02    0.272453016194275088E+00    0.129838989455005138E+01   -0.498217593773078882E+01    0.113216165632822516E+02
    0.412827138527444622E-02    0.999116468515351386E+02    0.154985883372445947E+02    0.228388849233460894E+00    0.110544604526940415E+01   -0.396875330287869321E+01    0.151644371246099858E+02
    0.410435867798867628E-02    0.998732653862447535E+02    0.148646082727993907E+02    0.175307701934001414E+00    0.108072889474329958E+01   -0.367751619078428638E+01    0.181565942847569026E+02
    0.400710087331499973E-02    0.998712283774635097E+02    0.119015516448025895E+02    0.243396211497369924E+00    0.104243390259589108E+01   -0.326850809070012671E+01    0.147808333962449545E+02
    0.391519414805876521E-02    0.998676345506197549E+02    0.161589737156252795E+02    0.175537397352512087E+00    0.110784232274775607E+01   -0.376418548783324969E+01    0.184530232488065877E+02
    0.384911067701721463E-02    0.998516801314169982E+02    0.149055898815854810E+02    0.256223744924191421E+00    0.125345759344640983E+01   -0.499940635181605053E+01    0.102076665826659845E+02
    0.376701325497285147E-02    0.998447994938619985E+02    0.142780853163483243E+02    0.214576829514882272E+00    0.125776715707862419E+01   -0.491144652103591373E+01    0.162840996900759087E+02
    0.373371107630796062E-02    0.998125590573485653E+02    0.132340853066972315E+02    0.185225252062217099E+00    0.965248397024007887E+00   -0.272620781754641239E+01    0.259025435776223283E+02
    0.366483401119359255E-02    0.997997983005812870E+02    0.139993196648865990E+02    0.242552191662495586E+00    0.107178550263896377E+01   -0.370445985434267122E+01    0.181400512474971620E+02
    0.366328485799482292E-02    0.997506438945185749E+02    0.140483004068289858E+02    0.200768400660513158E+00    0.118651889075194594E+01   -0.425001374763345119E+01    0.928863921427445050E+01
    0.365903460437262120E-02    0.997029657020394779E+02    0.133324547649342886E+02    0.225688986061240604E+00    0.994639450565805716E+00   -0.303530772784176683E+01    0.175088704197053318E+02
    0.359063836543482449E-02    0.996907043799606072E+02    0.118179608646608614E+02    0.221396580163863849E+00    0.125556650396444436E+01   -0.467752165631325489E+01    0.112961422642554492E+02
    0.734815897869157877E-02    0.982582564541720132E+02    0.131704389153062387E+02    0.175810858068596504E+00    0.110653301060473175E+01   -0.364678928942814373E+01    0.158818067907540375E+02
    0.418129089967380577E-02    0.993859160066273688E+02    0.114168414851725881E+02    0.230140954721841234E+00    0.124723592372350489E+01   -0.454445406828364362E+01    0.120917929265478286E+02
    0.512401991365892505E-02    0.989792775189376357E+02    0.130999939633117215E+02    0.224887949454008473E+00    0.112245076444157599E+01   -0.392071907662916619E+01    0.163870218516714701E+02
    0.531071295412982591E-02    0.989077038745812871E+02    0.157518501510509346E+02    0.190935159929886855E+00    0.116407848959136295E+01   -0.422248189679990027E+01    0.162236130988881975E+02
    0.361001973303032297E-02    0.996797295826056313E+02    0.151047303575667407E+02    0.197459409370099592E+00    0.121837147523578659E+01   -0.467125906179365469E+01    0.122699435922674311E+02
    0.394561761497760205E-02    0.995019450628141158E+02    0.159422327438695319E+02    0.200327835863097159E+00    0.126559443007088679E+01   -0.485991039351269460E+01    0.121398373909981103E+02
    0.475856308884921395E-02    0.991272645585315644E+02    0.128034399554076472E+02    0.242041539934403943E+00    0.122526081307933454E+01   -0.456616282703451049E+01    0.978763594923330515E+01
    0.593960895878326272E-02    0.986838694609863580E+02    0.138487526740240448E+02    0.198419714424996091E+00    0.117434368549433454E+01   -0.407061402978258791E+01    0.124890303466077626E+02
    0.529732685269824945E-02    0.989127514078788721E+02    0.133518136571538015E+02    0.187171534000738771E+00    0.102637232542908663E+01   -0.310710814104233357E+01    0.184206018349494265E+02
    0.468557606104177352E-02    0.991581783262285654E+02    0.130817127007191552E+02    0.225223870274772142E+00    0.124768945596928194E+01   -0.476642393466266423E+01    0.113476567651833378E+02
    0.974152322471379638E-02    0.976943610716894284E+02    0.140093260644065971E+02    0.185318861573773169E+00    0.123579044572448438E+01   -0.449587890534511381E+01    0.125797188978044172E+02
    0.518040526185837170E-02    0.989573894815098640E+02    0.161574667833874557E+02    0.182222842399221485E+00    0.124824135471508679E+01   -0.474748903231981423E+01    0.131570326627182066E+02
    0.421785691718057180E-02    0.993685017406459252E+02    0.128053002468201118E+02    0.244549600788070975E+00    0.104260850751164647E+01   -0.333019601364026485E+01    0.148124839175335019E+02
    0.387376974770146237E-02    0.995386998038274697E+02    0.125848260194210440E+02    0.197506225240888483E+00    0.129807474992793503E+01   -0.482481394563740995E+01    0.162313345767651569E+02
    0.373858988980297485E-02    0.996097390486542906E+02    0.142141379101427034E+02    0.192194655572160783E+00    0.103378539723588903E+01   -0.330871746569353942E+01    0.239498246973469584E+02
    0.707191043778677628E-02    0.983348947378620011E+02    0.150190758956610360E+02    0.199616397322197908E+00    0.123292786967141255E+01   -0.466037967883320370E+01    0.145055668836536675E+02
    0.432663644511532049E-02    0.993175751844256780E+02    0.141809485076666739E+02    0.220287082249712080E+00    0.117280418566829625E+01   -0.412548957143838368E+01    0.132435754591499535E+02
    0.384217598850959728E-02    0.995550783201305620E+02    0.142561381334065924E+02    0.230921660957212449E+00    0.106579068764594664E+01   -0.354714372643082410E+01    0.197835587122637584E+02
    0.842534188127691715E-02    0.979846679501017945E+02    0.135237462982128882E+02    0.185934548488386808E+00    0.129978044878472265E+01   -0.481706107051732957E+01    0.113237099889385959E+02
    0.508638032992635505E-02    0.989940231717376378E+02    0.143529034608872408E+02    0.202124235221110948E+00    0.113572531764825690E+01   -0.405458619842653345E+01    0.173262721589515998E+02
    0.624192132707534694E-02    0.985845799797554037E+02    0.127967096634858173E+02    0.184618809291944797E+00    0.107702784661769013E+01   -0.343407224234099528E+01    0.212018199902937425E+02
    0.363510316848488207E-02    0.996658810745734911E+02    0.137069665799427263E+02    0.255670033463100910E+00    0.106330726344393112E+01   -0.358235782741079634E+01    0.132064848636853771E+02
    0.480282694906903999E-02    0.991087466751422710E+02    0.113631473258731912E+02    0.182096025912312998E+00    0.127833735627407985E+01   -0.451005460911676792E+01    0.144532042249163162E+02
    0.366923913226241101E-02    0.996471874203658956E+02    0.133973267738097022E+02    0.277246220871366356E+00    0.114617721911929626E+01   -0.412711141485682287E+01    0.149290717726837663E+02
    0.880291842017396665E-02    0.978969894493714037E+02    0.132684488141766224E+02    0.209289242845129536E+00    0.120611645304936377E+01   -0.432481476207795712E+01    0.127434428184356783E+02
    0.372905550531847131E-02    0.996148460879743141E+02    0.121396348425388503E+02    0.255258508933211836E+00    0.130159646488317415E+01   -0.496398384035934015E+01    0.121973863867007069E+02
    0.393859178164815676E-02    0.995055095724996193E+02    0.120744845302575605E+02    0.270494435054722593E+00    0.111306886752345857E+01   -0.374898543780071680E+01    0.133289253361125581E+02
    0.372505516084254600E-02    0.996169927396885697E+02    0.138232169380064605E+02    0.183963485632057555E+00    0.118593489808014740E+01   -0.405967497830263646E+01    0.109516664139091890E+02
    0.420130120581553752E-02    0.993763674832595143E+02    0.131024293880809530E+02    0.178652647131021330E+00    0.125379406955764261E+01   -0.448623765017970033E+01    0.862270537152329197E+01
    0.782327989857221559E-02    0.981329482777056086E+02    0.145220099151700932E+02    0.195344484863451545E+00    0.127456334473374944E+01   -0.488588730628875290E+01    0.108401107182112657E+02
    0.530041133400388845E-02    0.989115872042201545E+02    0.147350301278418847E+02    0.187401646901525637E+00    0.129341728725246830E+01   -0.499147763913732589E+01    0.160768997972554821E+02
    0.580334758159687086E-02    0.987302862191018846E+02    0.156706892840349816E+02    0.175010964592164170E+00    0.121602580152314066E+01   -0.447188172730833244E+01    0.161798102254680849E+02
    0.556694898809114748E-02    0.988134617679078673E+02    0.124207236682275344E+02    0.205956485564870229E+00    0.112562916395126700E+01   -0.371337626372677043E+01    0.129833017202417746E+02
    0.806321321721622207E-02    0.980725317811730690E+02    0.124401201206322369E+02    0.215455282683101768E+00    0.128107351966779204E+01   -0.475733384087994171E+01    0.122933520680765334E+02
    0.498429841449633381E-02    0.990345707513113069E+02    0.130507103952343293E+02    0.213381666836036293E+00    0.124784813598385935E+01   -0.468505005986972112E+01    0.980237610962503858E+01
    0.518403548771956702E-02    0.989559884503891993E+02    0.142985558897700766E+02    0.230557456449754061E+00    0.108887145056452495E+01   -0.373490427709906481E+01    0.153781874042103190E+02
    0.482911951182961145E-02    0.990978277489738133E+02    0.116548683233174071E+02    0.188815850337285013E+00    0.132246153770872255E+01   -0.496434591972760675E+01    0.104932420005678395E+02
    0.383909857641844335E-02    0.995566808730557256E+02    0.147469714769433811E+02    0.207124228053017945E+00    0.105122250007162354E+01   -0.338863862237846014E+01    0.193557150081559115E+02
    0.456845550114634916E-02    0.992088056936022156E+02    0.131913158456325856E+02    0.212005984958233112E+00    0.118839493887196457E+01   -0.433808061932604261E+01    0.176113666770062984E+02
    0.586539464711920491E-02    0.987090165229860190E+02    0.123789104750275634E+02    0.182343262066015893E+00    0.113882312320927848E+01   -0.380887583749389602E+01    0.201041981728388954E+02
