    0.545721103009507973E-97    0.567590929737598799E+03    0.348604258214251388E+02    0.176150085432067838E+00    0.805214654162099031E+00   -0.294809556378034143E+01    0.302694239945157051E+03
    0.275719353222742244E-89    0.532065017315002137E+03    0.179179303453554809E+03    0.166161847939222979E+00    0.515955254498433158E+00   -0.170034493355146621E+01    0.134470462196262787E+03
    0.638016068508184099E-88    0.525731887215937832E+03    0.169267107754694337E+03    0.352542113633388055E+00    0.508846407026969372E+00   -0.128653675297450443E+01    0.604034216053235696E+03
    0.398806623548938431E-84    0.508200980116243386E+03    0.941708278071884735E+02    0.501081587083353264E+00    0.221529774064114976E+00    0.200385620323466274E+01    0.225201191625171504E+03
    0.116929306670651882E-83    0.505999624152161175E+03    0.278922876705099263E+02    0.643519927220077892E+00    0.490590935123405181E+00   -0.982250725475224185E+00    0.485144796936986666E+03
    0.157801809397879830E-80    0.491534572916095840E+03    0.814579039233388187E+02    0.230923852553323039E+00    0.687166853989935600E+00   -0.116597996212301114E+01    0.106989509101176054E+03
    0.288987658571337352E-74    0.462643463583068467E+03    0.167119363412150562E+03    0.719835885400839759E+00    0.290201583402537100E+00    0.773282257971272591E+00    0.183780074042961672E+03
    0.828015195863353011E-71    0.446672657978276902E+03    0.189653830304567265E+03    0.300935106296235377E+00    0.375027743119250079E+00    0.143474992563369064E+01    0.211798889457456767E+03
    0.150047385200846719E-68    0.436223308142632447E+03    0.104967578209251897E+03    0.230351616103686929E+00    0.526707476701987809E+00   -0.157152790648008311E+01    0.143795450895636549E+03
    0.793054664465579165E-58    0.386791724267826680E+03    0.177708532150943711E+03    0.981916622423774976E+00    0.301421431390713146E+00    0.134918563769790834E+01    0.114341864383191449E+03
    0.144913445307676323E-57    0.385536065117311296E+03    0.107481256110237396E+03    0.531764395317072869E+00    0.115496619756156160E+00    0.447616064561219140E+01    0.220867724996951580E+03
    0.234913088285173644E-47    0.338468205310673966E+03    0.788166786474068601E+02    0.399295313293919651E+00    0.496788125977726314E+00   -0.112497731956931890E+01    0.487613969473946952E+03
    0.176776361483013259E-45    0.329776525277513201E+03    0.106677212677830102E+02    0.620614895936348554E+00    0.317821718579981982E+00    0.775828235863162075E+00    0.588099425144761653E+03
    0.222698796199373992E-45    0.329264655818468839E+03    0.106826176456329918E+03    0.317517999796532502E+00    0.282729590174459033E+00    0.316714812198828888E+01    0.361752320242096346E+02
    0.117613607722921765E-44    0.325886316488616046E+03    0.282858018163267033E+02    0.419408009759824008E+00    0.401180872628395080E+00    0.123369037653544589E+01    0.325758006448461401E+03
    0.201449671095536623E-42    0.315549706440138550E+03    0.269892299342590263E+03    0.535171224404340840E+00    0.381590306963173476E+00   -0.908613443415126482E-01    0.552438662822463698E+03
    0.440016829488686542E-42    0.313937159648002364E+03    0.251919988614032917E+03    0.446083256098400049E+00    0.247366228416655232E+00    0.271407459553068620E+01    0.150899917736971645E+03
    0.302928317612970191E-41    0.310028623008079364E+03    0.123695689920776985E+03    0.203701146274226197E+00    0.110297811378428492E+00    0.474019345256537861E+01    0.154821708529161924E+03
    0.161760176739190527E-37    0.292812704972353686E+03    0.145150222710756402E+02    0.981637172332754493E+00    0.330385650497975802E+00    0.105561018207146562E+01    0.421498002343616577E+03
    0.146653510257938988E-35    0.283748448833255509E+03    0.180889704724477447E+02    0.209911602271107334E+00    0.850594722578073892E+00   -0.148551842670980472E+01    0.678520507158621342E+02
    0.557557070535906168E-34    0.276422294376596710E+03    0.244905372067183329E+02    0.684697320548699584E+00    0.154585117994529009E+00    0.325888182301825680E+01    0.385158867252398238E+03
    0.213434463305997387E-32    0.269082424093943359E+03    0.132309051865397322E+03    0.801168892809609345E+00    0.344307464145046649E+00    0.104633548121272724E+01    0.665160720091630253E+01
    0.827725308311258498E-31    0.261716550859979463E+03    0.171545185669673714E+03    0.290177922168736668E+00    0.241755165186833432E+00    0.260507451646558463E+01    0.124527653216146817E+03
    0.123610612815272789E-30    0.260864470555105413E+03    0.884466379806719374E+02    0.215281185345348125E+00    0.102425086347580574E+00    0.475753224386389206E+01    0.256474733076073051E+03
    0.308700596446702041E-30    0.258983999638922171E+03    0.968451317180868614E+02    0.360870064464483997E+00    0.158492300806750863E+00    0.322533335883040495E+01    0.174793175643840158E+03
    0.457351365179259585E-30    0.258147839472032842E+03    0.185972664645420878E+03    0.562646411027717952E+00    0.281051879335674382E+00    0.182454296134268090E+01    0.124984464449172435E+03
    0.453040815499898692E-30    0.258116778922451772E+03    0.625941677756234469E+02    0.543097569138866088E+00    0.500609260089895147E+00   -0.136575609116879004E+01    0.168070396173813350E+03
    0.594831208250000821E-30    0.257522188002810083E+03    0.135208013463471616E+03    0.423033380320142816E+00    0.566017402145146620E+00   -0.170545613984811162E+01    0.214902542891118657E+03
    0.618540724727965220E-30    0.257394017298161145E+03    0.797274710826089148E+02    0.305345927372239645E+00    0.408023437795454413E+00    0.513629263904243794E+00    0.440294418821432203E+03
    0.240647989868324778E-29    0.254626902694618536E+03    0.823608587898120987E+02    0.301647131586212980E+00    0.191247497394181898E+00    0.377391555354506636E+01    0.175892879090033745E+02
    0.407532657715327448E-29    0.253523331037989777E+03    0.119487782538773445E+03    0.169886820352798340E+00    0.139200276350664010E+00    0.445879385553252483E+01    0.801177785145268615E+02
    0.938873772135615115E-29    0.251804211095791857E+03    0.146841315912278020E+03    0.205892753332754475E+00    0.574429673369381555E+00   -0.174590103859483015E+01    0.331440500278561046E+03
    0.430656145941377496E-28    0.248707783061311915E+03    0.100559451487880054E+03    0.265858042986411969E+00    0.292281221677013536E+00    0.208975900969684147E+01    0.126242829390722648E+03
    0.446219749250871804E-27    0.243981609724213484E+03    0.120526104415081683E+02    0.226734707040669753E+00    0.168584158083878055E+00    0.356186435448012473E+01    0.211713185752227361E+03
    0.499583536347910315E-27    0.243705683160135862E+03    0.181133287303427899E+02    0.445411041905305727E+00    0.238154067962654314E+00    0.178826964045263415E+01    0.314462225277775531E+03
    0.304978378960999033E-26    0.240037580851345979E+03    0.110245468188073986E+03    0.228082878053211258E+00    0.534036352235009892E+00   -0.106614444944008527E+00    0.816967520423819593E+00
    0.578615242886295542E-26    0.238706787148983494E+03    0.964032363845952744E+02    0.819131778372046426E+00    0.295248790945497941E+00    0.111401177224910564E+01    0.461791966565417738E+03
    0.112755530101772120E-25    0.237322448386950697E+03    0.516862998444037913E+02    0.787422419623932668E+00    0.267646391252345295E+00    0.198852649929809733E+01    0.229168842875331620E+03
    0.140950031271231108E-25    0.236826081557401267E+03    0.108516593615530912E+02    0.293076399295510770E+00    0.687350716329771072E+00   -0.545074358280961513E+00    0.105927691138363599E+03
    0.418024014464322755E-25    0.234601814672750152E+03    0.308839193186848924E+02    0.268606831538084123E+00    0.611698451152331457E+00   -0.151111376347146575E+01    0.105138501577048174E+03
    0.103520967522049017E-24    0.232738173896370256E+03    0.889683968557455529E+02    0.442945242350510915E+00    0.432280205344621193E+00   -0.722917216074085989E+00    0.323912966390025403E+02
    0.228798386225688320E-24    0.231102039837711544E+03    0.171616869588086502E+03    0.820303420058641874E+00    0.279740669206432035E+00    0.131505747814291807E+01    0.105547906584334896E+03
    0.565571631769505632E-24    0.229242048335594262E+03    0.131904245954207568E+03    0.772981080210375815E+00    0.304445092923080751E+00    0.108901713190030569E+01    0.197139652123700557E+03
    0.678861578315312018E-24    0.228826887758895339E+03    0.104652466956305915E+03    0.284976140635552044E+00    0.132597548485898747E+00    0.381624861416568928E+01    0.112631447483622921E+03
    0.236682805592928597E-23    0.226279110320889316E+03    0.942145304998204125E+02    0.321492894183596334E+00    0.547383992862542801E+00   -0.509133004899999020E+00    0.872705865557098832E+02
    0.262998702124091605E-23    0.226018253869713760E+03    0.119862330150754595E+02    0.694082088009144171E+00    0.187625098402953910E+00    0.332647998319131766E+01    0.377052908521127165E+03
    0.325795869492606656E-22    0.220934839842194975E+03    0.166690994596222794E+03    0.187249111698596510E+00    0.526621906054779543E+00   -0.459984696143677430E+00    0.624434817451694215E+02
    0.103600431519958192E-21    0.218571128702155448E+03    0.508453786564919881E+02    0.995685127707355400E+00    0.192085683429295606E+00    0.286272416410287045E+01    0.285172610640300036E+03
    0.109705207676690712E-21    0.218406618016012288E+03    0.545552289636015075E+02    0.553901996023738241E+00    0.284749044664745932E+00    0.166057912435980315E+01    0.275135214470540006E+03
    0.124178041571030270E-21    0.218108778982442800E+03    0.172508936548997127E+02    0.484243224791729543E+00    0.147460817763498064E+00    0.415393660413214505E+01    0.242592584737679203E+03
    0.258656259000148971E-21    0.216591211702527062E+03    0.895784277968449345E+02    0.465064704634358783E+00    0.434517579387535879E+00   -0.610905326738192117E-01    0.225628367753597416E+03
    0.376388971620680852E-21    0.215790965476978528E+03    0.101048424561913734E+03    0.326558626059904378E+00    0.423944369318255798E+00    0.312132972629814376E+00    0.165237692939564084E+03
    0.613503948373184194E-21    0.214763838292397253E+03    0.121290803336237403E+03    0.525401152063680654E+00    0.328226023981590176E+00    0.849075404191428351E+00    0.244978007090743034E+03
    0.724415711041153241E-21    0.214381480864040697E+03    0.151556448837516111E+02    0.445939007437440083E+00    0.239817144412244776E+00    0.252123497238639072E+01    0.283012909118635321E+03
    0.707535057084340244E-21    0.214378637334411906E+03    0.172541593620145107E+03    0.418514491568905744E+00    0.388490954209873451E+00    0.144114094519829289E+00    0.754546066721536448E+02
    0.134175292197416071E-20    0.213048747314713495E+03    0.934945176196308410E+02    0.904753109889370077E+00    0.323644631997317911E+00    0.633631870808910702E+00    0.176928411425907264E+02
    0.445931085452387807E-20    0.210596712659985485E+03    0.660769500519700870E+02    0.410398275232002618E+00    0.324880220630225314E+00    0.116660709041889032E+01    0.187831695041425888E+03
    0.711131327086538328E-20    0.209613327265656096E+03    0.155509126531586304E+03    0.454176159958877113E+00    0.553365827346519179E+00   -0.197566413877760994E+01    0.195332673595330590E+03
    0.919305826458917655E-20    0.209049803808742922E+03    0.201794984163743472E+02    0.181415672165157194E+00    0.746119920014696625E+00   -0.185692899807828171E+01    0.177121121513754900E+03
    0.206217130224775127E-19    0.207384012032499584E+03    0.194115584371677521E+02    0.112986709392687845E+01    0.131333616714503165E+00    0.387738069108498973E+01    0.106002520403419140E+03
    0.328006574072766526E-19    0.206405804018137673E+03    0.106113128542934405E+03    0.354311952833901100E+00    0.357053801428718010E+00    0.624278254084173256E+00    0.760545193125624195E+02
    0.428078091260057633E-19    0.205823260050006240E+03    0.854870605804656378E+02    0.656522072968127812E+00    0.341386589074069935E+00    0.647415700951097350E+00    0.102036790721548485E+03
    0.423031462798485079E-19    0.205796978207476855E+03    0.455647860834308602E+02    0.487670818148264351E+00    0.176399022762513263E+00    0.306571531561996213E+01    0.171720487257779695E+03
    0.611379980723127569E-19    0.205010433989148538E+03    0.127703582216141598E+03    0.598189972107636470E+00    0.352427979840157835E+00   -0.158269481657441341E+00    0.130915267677048945E+03
    0.703763036109820198E-19    0.204678987914190145E+03    0.154328213596810873E+02    0.362941443596314917E+00    0.545305896698065840E+00    0.368654893289793950E+00    0.100960238966638101E+03
    0.736421101026146014E-19    0.204538267113818023E+03    0.322044367292741782E+02    0.721385002464352887E+00    0.136745033858925613E+00    0.369280115894010130E+01    0.734586757715511283E+02
    0.831754390987355436E-19    0.204244796932113815E+03    0.419610386532130661E+02    0.471432160490621144E+00    0.497933763596465295E+00   -0.359321909688166630E+00    0.194501514556075364E+03
    0.880832360193898609E-19    0.204080136671750580E+03    0.916736661288584713E+02    0.687495948492459097E+00    0.572686850261574509E+00   -0.166732798487484946E+01    0.563340254371316860E+02
    0.879707801791582717E-19    0.204032691702483845E+03    0.272328295596412957E+02    0.820933135779655987E+00    0.125043824508427937E+00    0.386260218042197945E+01    0.274107210977445028E+02
    0.166310554783301263E-18    0.202708987429295746E+03    0.267659438586879688E+02    0.370470468517880458E+00    0.351151774513895232E+00    0.146511171060901235E+01    0.292054632986042861E+03
    0.222985204013803153E-18    0.202072490295235724E+03    0.703771236051007918E+02    0.546756313436194463E+00    0.245914012359639500E+00    0.183461942294226543E+01    0.429276622052302685E+03
    0.233758847207933909E-18    0.201928121101384818E+03    0.152034244079732890E+02    0.978597111680053366E+00    0.341350576648632942E+00    0.899665963572693461E+00    0.235141785024254460E+03
    0.930415140429613371E-18    0.199115439386116236E+03    0.607886213790385028E+02    0.349795938836234110E+00    0.361712253566174591E+00    0.867698572387807898E+00    0.271856525923180925E+03
    0.348190995648323587E-17    0.196426028613761929E+03    0.174871556410848044E+02    0.608244344580028629E+00    0.239626961806694516E+00    0.219564648860272227E+01    0.106182953610064573E+03
    0.995443505513364720E-17    0.194275154204271786E+03    0.351275099148232215E+02    0.276920906306804437E+00    0.570000133362339123E+00   -0.294056676672664830E+00    0.128247279016224923E+03
    0.321225582557794750E-16    0.191882073510912505E+03    0.103630988791305150E+02    0.804182906217104088E+00    0.243564462064320253E+00    0.189095954812218880E+01    0.565029413989981606E+02
    0.365984202795480107E-16    0.191571180420931739E+03    0.189167190612346076E+03    0.213510944046180401E+00    0.376206655215181873E+00    0.171837435659028648E+00    0.344943594632552930E+02
    0.851214967625135427E-16    0.189833031357191828E+03    0.493063666615296654E+02    0.652110697391730332E+00    0.268454790757012507E+00    0.157175600049938802E+01    0.366863061235890768E+03
    0.147851617734611307E-15    0.188678772200426465E+03    0.890823451027826110E+02    0.317445879979920853E+00    0.414872877601047907E+00    0.190489286660241286E+00    0.150096244984384128E+03
    0.180459271719026408E-15    0.188230180354628970E+03    0.197725255251534861E+03    0.196197766382666922E+00    0.535291870746096632E+00   -0.134341415006019060E+01    0.229721183388887169E+03
    0.243879285457605009E-15    0.187577843834077527E+03    0.153122418495428576E+03    0.211126472086968248E+00    0.493597841745313459E+00   -0.110561767947686507E+01    0.945346224648857714E+02
    0.271757978992161583E-15    0.187311366802187479E+03    0.294090504875406076E+02    0.173379524582116307E+00    0.582918077856417249E+00   -0.798594997438820897E+00    0.295855653451877231E+03
    0.298206375663215804E-15    0.187075619011169920E+03    0.407399135491170483E+02    0.202922179690868565E+00    0.607566893165640609E+00   -0.889637187263339513E+00    0.196250575176084368E+03
    0.382043272488344525E-15    0.186530122814448788E+03    0.177030207371733098E+03    0.231896065439055055E+00    0.397032412121057943E+00   -0.316557007697248149E+00    0.172483825334627028E+03
    0.392190178259214414E-15    0.186427696834832716E+03    0.598447785328240087E+02    0.171540778972399277E+00    0.599130105653241984E+00   -0.103664504693380510E+01    0.206932758037448849E+03
    0.649880859900894580E-15    0.185367612469102625E+03    0.156440863360932269E+03    0.192449158704650181E+00    0.490039254321087858E+00   -0.631176336979027863E+00    0.740981305364046676E+02
    0.703307186593731740E-15    0.185159603053057765E+03    0.626579168562480646E+02    0.343113219386876223E+00    0.449510170025989531E+00   -0.523194432578857116E+00    0.193543259644881175E+03
    0.156663812114258327E-14    0.183507816019727926E+03    0.151973227279750546E+03    0.362327479670913777E+00    0.448950950025450213E+00   -0.805248562325716399E+00    0.306265202914832741E+03
    0.259334794664153573E-14    0.182449780649481028E+03    0.118603183492162589E+02    0.426436462278941386E+00    0.667781408661809239E+00   -0.139394283000366825E+01    0.102500363795545326E+03
    0.351770303716380345E-14    0.181790063557699682E+03    0.221142267338236479E+03    0.179137643848657324E+00    0.543326077237989868E+00   -0.163084626926590470E+01    0.497693811997096063E+02
    0.435276093722660643E-14    0.181314059334441396E+03    0.619513444061477543E+02    0.411718938802118295E+00    0.340101950560803612E+00    0.822352884779915638E+00    0.235632378972248546E+03
    0.105435760581749466E-13    0.179494646478344976E+03    0.244139369064641762E+02    0.578060971873728402E+00    0.586343146615023403E+00   -0.141836430062581531E+01    0.138452769790124592E+03
    0.114861823583004587E-13    0.179273390460621982E+03    0.214182401234131078E+03    0.425803792071828668E+00    0.613410571561322282E+00   -0.272626985202652961E+01    0.561586253058639642E+02
    0.149050530856561805E-13    0.178702279440948672E+03    0.112991836565602895E+03    0.392405339129599240E+00    0.466124572913631074E+00   -0.540906389815693056E+00    0.936698236103158024E+02
    0.152165892326165987E-13    0.178610907559208556E+03    0.183238805708728307E+03    0.241225813915858650E+00    0.398424019384488293E+00   -0.315179192511448769E+00    0.150673200103644376E+03
    0.165586936387894040E-13    0.178391857499799414E+03    0.609147295044389097E+02    0.287146135360093424E+00    0.659412087110342049E+00   -0.193405289932878777E+01    0.146474509448718550E+03
    0.216887413721928547E-13    0.177802093428131883E+03    0.189286343087628723E+03    0.293212225967200646E+00    0.631919766855029930E+00   -0.254871834807201703E+01    0.166114575788492509E+02
    0.281681196431357023E-13    0.177229298359741250E+03    0.666767681990977081E+02    0.523578547106224979E+00    0.398272970286652539E+00    0.152849684592939711E+00    0.140646696159202293E+03
    0.285512055342217859E-13    0.177152281697242472E+03    0.405725106460122760E+02    0.446273420489805062E+00    0.369371993961667366E+00    0.682791093057858900E+00    0.809819953711602238E+02
    0.303362105031762166E-13    0.176980995888189824E+03    0.225216060511272531E+03    0.356443819350551472E+00    0.473744573227228460E+00   -0.116022095911121159E+01    0.217363501991253656E+03
    0.364201586206724795E-13    0.176565435159181703E+03    0.107350912514426781E+03    0.397516312200755728E+00    0.414531457430466432E+00   -0.130766145644260312E+00    0.105110681662085227E+03
    0.460264380469044369E-13    0.176047248075318493E+03    0.251639387001842714E+02    0.968567928089629993E+00    0.407821883653741724E+00    0.537348400620821925E-01    0.118518768487140029E+02
    0.535024136703867770E-13    0.175696226481959911E+03    0.122766061527008262E+03    0.661748798014889283E+00    0.426009578993347793E+00   -0.573852579800147589E+00    0.569466602408420215E+02
    0.912499689248080143E-13    0.174578474714572167E+03    0.119484123008023261E+03    0.337708309691711339E+00    0.446001239828477336E+00   -0.466156754021215314E+00    0.523932308431811506E+02
    0.969880879193797429E-13    0.174406503686382393E+03    0.146367807257719313E+02    0.162086528061737872E+00    0.404606191923108094E+00    0.122040700625830256E+01    0.251332453237528398E+03
    0.106318462632550623E-12    0.174172802109424737E+03    0.462284274890862861E+02    0.527517787863360565E+00    0.665321266510811915E+00   -0.167863313995495211E+01    0.364362482824379654E+02
    0.180888251819161714E-12    0.173059921123725502E+03    0.467722540696975386E+02    0.200941396793434174E+00    0.483161011858995126E+00   -0.458033527508253380E+00    0.208517988010472237E+03
    0.209548137947454715E-12    0.172715773041650408E+03    0.133500685923080766E+03    0.239853931388378350E+00    0.482132104864426092E+00   -0.675396761352072272E+00    0.183046854557869210E+03
    0.229319850497699681E-12    0.172485444506192152E+03    0.674167063732153053E+02    0.521795584231846021E+00    0.421606053799070846E+00   -0.851261181675605633E-01    0.149045185336011741E+03
    0.251724286044413359E-12    0.172249011247306271E+03    0.199853563218752086E+02    0.370045124284175020E+00    0.396183861385411007E+00    0.985210689811862661E+00    0.192157342075547348E+03
    0.425944926806365272E-12    0.171147059902167655E+03    0.324708483779873660E+02    0.257744010743487739E+00    0.393125773891671582E+00    0.826561899359922303E+00    0.949737774448515069E+02
    0.672101454933604726E-12    0.170184861410934730E+03    0.106038573596904470E+03    0.252637097365204122E+00    0.547009600718226685E+00   -0.135097880767032619E+01    0.186661649455513952E+03
    0.752114403962262715E-12    0.169909903127782485E+03    0.647433234757550053E+02    0.439623724007922045E+00    0.331695718830488984E+00    0.782549213006587197E+00    0.230362847243233546E+03
    0.938946193765708936E-12    0.169416163666532157E+03    0.494227282911973163E+02    0.422432036150730605E+00    0.383900045327244310E+00    0.379794630870000205E+00    0.351396160228266581E+02
    0.115807601490444659E-11    0.168946649419903935E+03    0.105311006362937334E+03    0.449493130185734113E+00    0.410727874907386603E+00   -0.196979343829791903E+00    0.196007210653998015E+03
    0.141181471787612944E-11    0.168500417638779822E+03    0.534097696018141050E+02    0.175199391093609380E+00    0.500971991453410648E+00   -0.610651245867606218E+00    0.123650651902193971E+03
    0.245211598231155319E-11    0.167346266824310561E+03    0.425301140162602422E+02    0.172450883789956488E+00    0.406914069622494379E+00    0.683938390033851373E+00    0.256225427657752050E+03
    0.283620838869416322E-11    0.167005233288905288E+03    0.217399785774188416E+03    0.420185517938015174E+00    0.683650064123087153E+00   -0.306604380365212759E+01    0.330092901071929887E+02
    0.374026509762867692E-11    0.166401856479166184E+03    0.489629243540850752E+02    0.224780267748893786E+00    0.401921827806345555E+00    0.547153854573131260E+00    0.189817649593073298E+03
    0.159642842762877307E-10    0.163449461471708020E+03    0.120399264296788658E+03    0.264033092804778602E+00    0.592077704926207593E+00   -0.181665843963659990E+01    0.363453081154943618E+02
    0.156734557351303514E-10    0.163436232332491358E+03    0.709471693204580021E+02    0.395855278588149895E+00    0.399761537050159543E+00    0.585091688740023083E-01    0.847880446828123411E+02
    0.216466954338514001E-10    0.162740463846535590E+03    0.103063586777132315E+03    0.458859303017674358E+00    0.516486065713348652E+00   -0.123225387478444692E+01    0.330123385376197049E+02
    0.315475873609468906E-10    0.161937175228975434E+03    0.589081121956934766E+02    0.237574739485833797E+00    0.387032682025251429E+00    0.430518341601593357E+00    0.150682032041242906E+03
    0.461364710510393575E-10    0.161126961927803421E+03    0.134393830204245059E+02    0.374846146989182116E+00    0.377084076683095681E+00    0.100859012923040758E+01    0.231564906178592310E+03
    0.775451230942825006E-10    0.160038449459629334E+03    0.890688595597456896E+02    0.378573896912331342E+00    0.445986982832370427E+00   -0.510303186008369880E+00    0.188836677741412331E+03
    0.793001026908198442E-10    0.159943690613220554E+03    0.106715583918604125E+03    0.478889249695107377E+00    0.407299470057037483E+00   -0.285283832114231861E+00    0.184042314174760406E+03
    0.924399227737591040E-10    0.159587051560461560E+03    0.727352020477943171E+02    0.373507291680560516E+00    0.556927663802619488E+00   -0.143451143141397042E+01    0.137418355574869963E+03
    0.108756594431639910E-09    0.159211944847268455E+03    0.730189134297950915E+02    0.325169154630782609E+00    0.363391033819287224E+00    0.327203953483189425E+00    0.142124006300883451E+03
    0.119419036801132823E-09    0.158974892209542560E+03    0.984949878419631233E+02    0.416704408420396244E+00    0.375195813378727483E+00   -0.521773808076379381E-01    0.270412953386254912E+03
    0.125604898060193993E-09    0.158823886959296345E+03    0.481083330369275899E+02    0.461613781170366222E+00    0.346005378851551859E+00    0.375325655400360225E+00    0.127748827322004672E+03
    0.176869067076857968E-09    0.158089350010819771E+03    0.148060112100404062E+02    0.465598359627452885E+00    0.484320344869737240E+00    0.193438197728752093E+00    0.508442360451646636E+01
    0.213453175847034189E-09    0.157663334476953878E+03    0.210488718867385245E+02    0.242742977369306556E+00    0.456787071841834702E+00    0.608467470002903688E+00    0.206017647146663762E+03
    0.221263421788156736E-09    0.157541461569438127E+03    0.375643672832643318E+02    0.369126868282003917E+00    0.456051442680484587E+00   -0.634418006915632160E-01    0.799757636051033671E+00
    0.221140458372781420E-09    0.157492573344664834E+03    0.999377548984659541E+02    0.619195358149626895E+00    0.430063530832802743E+00   -0.729924828619729182E+00    0.415026455396351750E+02
    0.222575144980271178E-09    0.157429639910759505E+03    0.337200430591729585E+02    0.803920615308072239E+00    0.361613432268421797E+00    0.386282660295479752E+00    0.853051101395915481E+02
    0.242022228625364804E-09    0.157212110308908478E+03    0.350426462173302724E+02    0.525728947345473263E+00    0.431446649053210785E+00   -0.282074198098421824E+00    0.513886238567434646E+02
    0.258232820120781393E-09    0.157032446297294427E+03    0.820637358226923794E+02    0.510341197799804469E+00    0.402555577675539233E+00   -0.336655911510156169E+00    0.171540828214101140E+03
    0.270522342969418075E-09    0.156889460073126230E+03    0.118461059562284888E+03    0.214936871913394334E+00    0.602802002023589911E+00   -0.173269196352095944E+01    0.538985701673516786E+02
    0.363415623326778616E-09    0.156249075166170002E+03    0.797115252655242159E+02    0.174231616501395847E+00    0.634348358996895567E+00   -0.156758402697689481E+01    0.126112686072085332E+02
    0.447226441059313060E-09    0.155784039368639867E+03    0.129869545914628873E+03    0.167951447272034926E+00    0.699868562640817760E+00   -0.262646586084658340E+01    0.745057774028522317E+02
    0.446552956071181527E-09    0.155737053468619195E+03    0.364101785810704541E+02    0.328134362031430316E+00    0.625225123314700038E+00   -0.149659872486578083E+01    0.145582400884178838E+03
    0.540058262461390061E-09    0.155306815406062356E+03    0.133363593374299455E+03    0.239823534595143800E+00    0.696417569346754695E+00   -0.256160384325919432E+01    0.574086926887879230E+02
    0.669620193739282603E-09    0.154826748107163638E+03    0.572464682501697695E+02    0.239667096371366684E+00    0.412717573882463995E+00    0.155048881396005978E+00    0.198504005973370994E+03
    0.844635486455969233E-09    0.154312359145808529E+03    0.799518868138616483E+02    0.161662646244937674E+00    0.581468668643773778E+00   -0.129619143024150985E+01    0.155858900297789972E+03
    0.832334335853176558E-09    0.154291701048272643E+03    0.154524556187029827E+02    0.347734753041454958E+00    0.365359827652563807E+00    0.101638260220035770E+01    0.154863184808858108E+03
    0.120541770452947606E-08    0.153501006603190717E+03    0.122969639216184277E+02    0.471110223865880251E+00    0.531428063216780155E+00   -0.490165508954125972E+00    0.793392020477444504E+02
    0.120430584625995112E-08    0.153452852222947485E+03    0.693950853175907270E+02    0.478075139765800072E+00    0.493642911394060246E+00   -0.985142932359548418E+00    0.679422391107889467E+02
    0.191986510475620373E-08    0.152470149051204572E+03    0.503073067310693176E+02    0.229081692252116303E+00    0.448458349168246451E+00    0.648794219182926291E-01    0.153727089909833893E+03
    0.203097737671282960E-08    0.152307624615374692E+03    0.808983166227000083E+02    0.661149734221710750E+00    0.516115064278323210E+00   -0.137611539021262685E+01    0.452240938533800687E+02
    0.347655608118309549E-08    0.151182574558601516E+03    0.531854106757545679E+02    0.268522633866313754E+00    0.610770504718155194E+00   -0.139425588431444614E+01    0.140721897040217044E+03
    0.353586824924775903E-08    0.151098741133962363E+03    0.703116377106153578E+02    0.400503304395994075E+00    0.517049550467737928E+00   -0.933709252471338180E+00    0.103657878284737905E+03
    0.477188761411605244E-08    0.150449174996766487E+03    0.576330372974881442E+02    0.947906415644149347E+00    0.452059251319237465E+00   -0.896249175849639257E+00    0.419482576311148989E+02
    0.710343256428385628E-08    0.149603502648515530E+03    0.447522316918287260E+02    0.233651588285850004E+00    0.834199356606478926E+00   -0.256032301847082255E+01    0.462588287111705796E+02
    0.813954053226956924E-08    0.149281191436960199E+03    0.298540743133824371E+02    0.676935847268676283E+00    0.690588867452313737E+00   -0.208075870631085280E+01    0.294334946626286857E+02
    0.838516780741416958E-08    0.149171730086698204E+03    0.355249439237106088E+02    0.249284257510685142E+00    0.364714129674640841E+00    0.755302499818135464E+00    0.279305158626864682E+03
    0.905473403142757124E-08    0.148968083465789817E+03    0.464875890861524965E+02    0.452893395967716716E+00    0.348177400540398752E+00    0.598405970648436480E+00    0.258325601711106174E+03
    0.119267995737118052E-07    0.148367083036393041E+03    0.101797669925733828E+03    0.838616022198306221E+00    0.444375552982803568E+00   -0.102917616796791966E+01    0.765338020163427473E+02
    0.183059685775542938E-07    0.147460204585567880E+03    0.319529748920960976E+02    0.274898418870793304E+00    0.324469942772185271E+00    0.104167387053119365E+01    0.207203015695098969E+03
    0.190255658860231623E-07    0.147333091607182581E+03    0.709673653017556916E+02    0.437293368142497696E+00    0.629285767198675794E+00   -0.192484476304134722E+01    0.234661344338220275E+02
    0.198042632584907660E-07    0.147202864441251194E+03    0.513667152131165921E+02    0.269740746588519376E+00    0.571177779301619171E+00   -0.972163375868893898E+00    0.136353647072260969E+03
    0.195742229489994038E-07    0.147176231812474668E+03    0.626308691456094522E+02    0.190886811022663333E+00    0.551557842471188109E+00   -0.900342624607838427E+00    0.563507646108377855E+02
    0.229917619941906496E-07    0.146804386947260923E+03    0.441322685483966382E+02    0.343397323013817368E+00    0.308591498811246145E+00    0.106006428953573240E+01    0.281002591221581611E+03
    0.237037691941906817E-07    0.146693390756017635E+03    0.356630317448915406E+02    0.585059453423096065E+00    0.489689847489681140E+00   -0.497693305659818452E+00    0.917512362628433067E+02
    0.234990004588537460E-07    0.146660743129309139E+03    0.734875353689729707E+02    0.517789537789037357E+00    0.590690870300856874E+00   -0.177207490307311222E+01    0.462370422040866771E+02
    0.258382722451275168E-07    0.146420945276268043E+03    0.379050526364837381E+02    0.394800923074648480E+00    0.403987674459730439E+00    0.270898656000803151E+00    0.209195819962621925E+03
    0.309639812968679642E-07    0.146009009631840627E+03    0.397641832785826779E+02    0.235131203687138773E+00    0.426309032362212070E+00    0.266468166213914781E+00    0.193113733693398814E+03
    0.331759578957106552E-07    0.145821007994819894E+03    0.167465116618444796E+02    0.732610172788607406E+00    0.288680408554092105E+00    0.130631767561745860E+01    0.251262219152583754E+03
    0.430544472798372624E-07    0.145249727841411470E+03    0.232307641658332571E+02    0.552036680146977043E+00    0.335538557558085537E+00    0.899951908831295944E+00    0.262237571981931580E+03
    0.422470257016950892E-07    0.145237590995004325E+03    0.461113213044488930E+02    0.189361762627753838E+00    0.490801200220434941E+00   -0.183877612782760658E+00    0.176650345930094261E+03
    0.686628923037147701E-07    0.144216241078148585E+03    0.332199044636237915E+02    0.600694068634017753E+00    0.514249971372549686E+00   -0.666014898202636485E+00    0.752226712871646868E+02
    0.699225984238563003E-07    0.144129881115529912E+03    0.576194990653103929E+02    0.298480632772190835E+00    0.693995574469595367E+00   -0.192852549092724512E+01    0.540062672938800716E+02
    0.904077205187096772E-07    0.143565999567029706E+03    0.333169648761497541E+02    0.612316056347301685E+00    0.533440248742555023E+00   -0.121781636658259451E+01    0.772187655424082777E+02
    0.936251922735832788E-07    0.143446059911485179E+03    0.386277593966063861E+02    0.162313484577994743E+00    0.481103026512488319E+00    0.977633340807896808E-02    0.853642510307854394E+02
    0.967099184703780461E-07    0.143331226969075516E+03    0.456414405940324457E+02    0.908216493530611846E+00    0.329826549389887591E+00    0.374813240534766001E+00    0.224992354799276598E+03
    0.105570976004684984E-06    0.143105891932360748E+03    0.496949471418251818E+02    0.687213358826829213E+00    0.471349746068408681E+00   -0.846757429449741972E+00    0.501395431827663955E+02
    0.136748335718511552E-06    0.142538374360509607E+03    0.221967279554895072E+02    0.300903237696779957E+00    0.341616840270673572E+00    0.970370182801830294E+00    0.294009181083628334E+03
    0.134997327507785342E-06    0.142514148938460892E+03    0.524419107316866473E+02    0.247299347386633200E+00    0.540489822493024796E+00   -0.784467512017192004E+00    0.626450793519430462E+02
    0.133680102220108621E-06    0.142483759604569514E+03    0.161134731586672935E+02    0.247073949645297025E+00    0.422398942735747129E+00    0.601316503282347758E+00    0.129685614540256637E+03
    0.151442963283180359E-06    0.142184240754300532E+03    0.389780244464633228E+02    0.810026590047892125E+00    0.520320816801578712E+00   -0.138422156915048333E+01    0.726798175848342112E+02
    0.156429917498268450E-06    0.142069442706128541E+03    0.336839794082244310E+02    0.474493704756734025E+00    0.373947871677180299E+00    0.427342183144155063E+00    0.235720005659464135E+03
    0.231389897356898530E-06    0.141236450592427786E+03    0.448359663663121353E+02    0.255692452679073257E+00    0.674839932533233378E+00   -0.185034265658917652E+01    0.769011091260230017E+01
    0.257569751573001688E-06    0.140972077775833384E+03    0.141198735265195392E+02    0.705763921207455236E+00    0.444540214615453511E+00    0.125591725557699735E+00    0.770525804161062240E+02
    0.288214952235260782E-06    0.140697245775119825E+03    0.471001890586515799E+02    0.205032788903756646E+00    0.572424242705187214E+00   -0.103851295992120263E+01    0.714846907264838762E+02
    0.298416988880715398E-06    0.140577675302557935E+03    0.303959776889430486E+02    0.225478218957795351E+00    0.493823799714511291E+00   -0.274987519597063468E+00    0.116770355800950711E+03
    0.315336219489653930E-06    0.140417380036353620E+03    0.153720775670849257E+02    0.820381890714631523E+00    0.433057381664571361E+00    0.125407334107110763E-01    0.344296220172375271E+02
    0.340387604643417433E-06    0.140214488938578228E+03    0.217351020113113265E+02    0.334746350505343682E+00    0.374893957475752715E+00    0.701427014033307428E+00    0.280250492719186923E+03
    0.348630783678501608E-06    0.140116632030907311E+03    0.348025021676977175E+02    0.361277021424189604E+00    0.644831390670580706E+00   -0.175985667031400816E+01    0.475185021756192754E+02
    0.391934254145821237E-06    0.139832470689052002E+03    0.151070654221567064E+02    0.332748023441218843E+00    0.501098222233995139E+00   -0.566413163942984521E-01    0.321198720830934121E+02
    0.455728505539688043E-06    0.139480864403237831E+03    0.152782403379011065E+02    0.543632968828534402E+00    0.366124400124369476E+00    0.704826665537889752E+00    0.211129922704197071E+03
    0.487200960400576978E-06    0.139297305527150002E+03    0.478783579679697908E+02    0.207528755260471959E+00    0.717477448724221367E+00   -0.189754537715388372E+01    0.801245036844983360E+02
    0.531448668631163050E-06    0.139073445672841558E+03    0.415092719173187490E+02    0.279608555672012260E+00    0.517059206568292518E+00   -0.573589728534511734E+00    0.646133968012138951E+02
    0.611997381345768752E-06    0.138741202895155823E+03    0.360488383419058920E+02    0.222311976267815486E+00    0.692938392362457134E+00   -0.185466570660201691E+01    0.104045522350430332E+03
    0.764301334927606113E-06    0.138246734644770754E+03    0.101089644722004834E+02    0.845395643053154067E+00    0.295820047301640188E+00    0.103472521477278190E+01    0.137449809964105754E+03
    0.750056915833993206E-06    0.138234360719609242E+03    0.148737249066495920E+02    0.640888367935098180E+00    0.451679258328218924E+00    0.112112692795569777E+00    0.825064230574930946E+02
    0.734034825202206983E-06    0.138227545955931447E+03    0.307463051242028342E+02    0.311649543515279293E+00    0.312856044876781425E+00    0.107806184387049830E+01    0.393823714588220355E+03
    0.998424462886056234E-06    0.137562301903659829E+03    0.450900093939759898E+02    0.471228170031589233E+00    0.334144503859793496E+00    0.570248090847726319E+00    0.293607540230100881E+03
    0.112927432433448671E-05    0.137265997873350443E+03    0.233411965928617704E+02    0.426140691016732798E+00    0.425979409139235765E+00    0.274253743908900949E+00    0.986994416699639174E+02
    0.138073504062414281E-05    0.136813916353501895E+03    0.216561065741987591E+02    0.987791070186961662E+00    0.555458013099795811E+00   -0.155394592161652878E+01    0.420170053235915191E+02
    0.171609214698408972E-05    0.136329048947838885E+03    0.457716568748578680E+02    0.291486878239549885E+00    0.560371794874273244E+00   -0.969744045182222014E+00    0.111166614016016652E+03
    0.171332125488765494E-05    0.136282280862309022E+03    0.611787909479657799E+02    0.261571016414709479E+00    0.756802708979430694E+00   -0.246592812314183041E+01    0.335689334752387154E+02
    0.171152196504745269E-05    0.136234382319094294E+03    0.370188757464808020E+02    0.924513536337997155E+00    0.331485966437413959E+00    0.390195931901450965E+00    0.789921674216980847E+02
    0.173103518484005252E-05    0.136161709139912290E+03    0.399185203066666574E+02    0.314141067162376608E+00    0.521841125900688874E+00   -0.552973020004098093E+00    0.882426126339625228E+02
    0.184247854399138444E-05    0.135986924944581546E+03    0.123482493957014334E+02    0.775199942978568646E+00    0.550484201922932681E+00   -0.824212153060005059E+00    0.523999829531412331E+01
    0.214088779500873375E-05    0.135636707143534522E+03    0.574908601398248038E+02    0.171049828248908659E+00    0.712046957601599306E+00   -0.189490034676802810E+01    0.487164273459092811E+02
    0.234125566705360506E-05    0.135407773553908328E+03    0.248570599079386341E+02    0.391017833448926710E+00    0.470821799775263339E+00    0.160247048919103970E-01    0.145470347696884261E+03
    0.241069601773206592E-05    0.135299317324814496E+03    0.465235410533819049E+02    0.237264193534997586E+00    0.672091864687121121E+00   -0.187593640718313170E+01    0.629908202732565599E+02
    0.313871082965483219E-05    0.134721524040881178E+03    0.409629396528918974E+02    0.314765927177231508E+00    0.540898262254296047E+00   -0.723316260459359928E+00    0.964339489221531920E+02
    0.309941787513828582E-05    0.134696719721215601E+03    0.206177307614162970E+02    0.811310940691762572E+00    0.339177230153898224E+00    0.646885258454059864E+00    0.138703888168589430E+03
    0.318049373067984622E-05    0.134595075452583558E+03    0.523621560653589313E+02    0.299975135631210976E+00    0.784233908507257271E+00   -0.276444107881012435E+01    0.116218671955091217E+02
    0.313274823455225610E-05    0.134575327045469493E+03    0.289579592585006864E+02    0.880648476025425175E+00    0.427465420166134924E+00   -0.580797623600015189E+00    0.876727835201744625E+02
    0.325654360224598393E-05    0.134447815568080784E+03    0.338366464435895722E+02    0.679401682575975774E+00    0.385324235854250297E+00    0.695253128604986087E-01    0.125321495376293527E+03
    0.358573632028045247E-05    0.134205220660180970E+03    0.297367003079927485E+02    0.965461635163542553E+00    0.325752723245640696E+00    0.471509327680224632E+00    0.638425785243774015E+02
    0.393559288041911494E-05    0.133969025266529542E+03    0.345687708793057098E+02    0.469813314551253580E+00    0.491900887129002096E+00   -0.548747250480743243E+00    0.113621748133275261E+03
    0.400785746009266249E-05    0.133882634745902294E+03    0.198796555231039669E+02    0.498183001671189618E+00    0.430902048701855445E+00    0.204208727548182589E+00    0.895365864701809642E+02
    0.449731998522114938E-05    0.133602185023462482E+03    0.279072874950150869E+02    0.698699530372434596E+00    0.422242699540627986E+00   -0.251703287988361724E+00    0.106317170740428580E+03
    0.442385552600243685E-05    0.133585125130872854E+03    0.183872272294979169E+02    0.526729416584094667E+00    0.292647202341071888E+00    0.109826881218826178E+01    0.173640573386638380E+03
    0.442411826794428843E-05    0.133535006350257987E+03    0.244878774529149794E+02    0.398261873903717034E+00    0.705504190880200555E+00   -0.206487655380106405E+01    0.443115906644892448E+02
    0.441393033815180857E-05    0.133489617293129697E+03    0.258236081018103008E+02    0.424555328265089460E+00    0.593027676369451973E+00   -0.124172832862049387E+01    0.952015871418320074E+02
    0.480974541328317007E-05    0.133267860036333246E+03    0.480459354454462613E+02    0.164779429736636784E+00    0.623934648657273772E+00   -0.118936292397499432E+01    0.929216408256877457E+02
    0.515678072319274316E-05    0.133078523356627386E+03    0.377147243647490029E+02    0.552441354442218868E+00    0.339282328273012634E+00    0.554021918420134263E+00    0.286222661415045593E+03
    0.561967289503318526E-05    0.132856601427542444E+03    0.453715887275777021E+02    0.332996046263412393E+00    0.727956057659537970E+00   -0.235247045521258258E+01    0.596606170250161654E+02
    0.557071367749925418E-05    0.132824101995411638E+03    0.419890794086966821E+02    0.189054638669572117E+00    0.614491058549473390E+00   -0.109176636225368973E+01    0.113215087008944153E+03
    0.554159133266192228E-05    0.132784584937153738E+03    0.327054148792369261E+02    0.261781140552573510E+00    0.674000360868346360E+00   -0.148538263825358330E+01    0.969046564456011623E+02
    0.571300453584347564E-05    0.132673658197117788E+03    0.272114776311333451E+02    0.385994702808081402E+00    0.649223437205820875E+00   -0.151445065018537983E+01    0.944878247212606794E+02
    0.584330734630492487E-05    0.132578554418584474E+03    0.215056014472373889E+02    0.514666324150693799E+00    0.543546755382709357E+00   -0.898729293313393351E+00    0.432143391420510667E+02
    0.656684330795971039E-05    0.132295081851697631E+03    0.363567205876451567E+02    0.244608074091083649E+00    0.645227195762642092E+00   -0.118285354235749818E+01    0.760186246800046490E+02
    0.645777713431778187E-05    0.132278578021054784E+03    0.407080533078252387E+02    0.177998141549065320E+00    0.606124306147672431E+00   -0.905122204656365170E+00    0.759581365292699360E+02
    0.692218605627715660E-05    0.132089685096846949E+03    0.424038481267665830E+02    0.199242672983831970E+00    0.886821095914274493E+00   -0.299498392573443439E+01    0.536485591836663644E+01
    0.683006442010316368E-05    0.132066480133561669E+03    0.274472805727442015E+02    0.175591484607443837E+00    0.724423583164004903E+00   -0.163576856231435275E+01    0.108855731723194054E+03
    0.674215930340159259E-05    0.132042387854422685E+03    0.339657025791532448E+02    0.328242411106892229E+00    0.554732742174743998E+00   -0.852225669676508257E+00    0.125598985868059032E+03
    0.658459810454659071E-05    0.132039681741757903E+03    0.405081172309470645E+02    0.187524580708283012E+00    0.774891337213069131E+00   -0.218245649036386924E+01    0.711637979035273815E+01
    0.671389615565212720E-05    0.131950789481303133E+03    0.414183190788330080E+02    0.376286502588489669E+00    0.570373896001576064E+00   -0.112212074109741300E+01    0.741331638596032150E+02
    0.726820883945562719E-05    0.131742128576057468E+03    0.284692918607082888E+02    0.375476356494280017E+00    0.478056724283818124E+00   -0.174525365909082436E+00    0.102035902836469276E+03
    0.831687850530802120E-05    0.131422574334934041E+03    0.306818047766892157E+02    0.534690592200175341E+00    0.525476522959986481E+00   -0.916755238632272595E+00    0.885446208383623343E+02
    0.821912980027211389E-05    0.131396219665003770E+03    0.198505434881467444E+02    0.548439151387735024E+00    0.301638825951368428E+00    0.115638960467988694E+01    0.266431381174671458E+03
    0.894427515569739340E-05    0.131177120984070370E+03    0.222879624854822467E+02    0.797855829561859631E+00    0.517836763264067579E+00   -0.107726500907179856E+01    0.232175185155472832E+02
    0.878125144241570761E-05    0.131163910482914588E+03    0.291295109250626858E+02    0.409982488801311384E+00    0.632839781188607620E+00   -0.147040590591698939E+01    0.765256150042132788E+01
    0.877497320417201423E-05    0.131115340913121003E+03    0.214091008230282682E+02    0.171463378537147576E+00    0.727117984876814893E+00   -0.152153247446212569E+01    0.112606609585616198E+03
    0.100350175937716218E-04    0.130796986873529164E+03    0.207223592868697573E+02    0.115585844874944543E+01    0.467524591833148206E+00   -0.836057255238430552E+00    0.345736893067440718E+02
    0.103210394575649043E-04    0.130690779389277338E+03    0.364030323471661887E+02    0.405042072137106524E+00    0.301472056775709041E+00    0.988510773196131232E+00    0.345140591005538738E+03
    0.109505124373720632E-04    0.130522375838302224E+03    0.417388846128005540E+02    0.197389013031656957E+00    0.666278127243211782E+00   -0.141510680705779235E+01    0.793878027030887239E+02
    0.111322443373885612E-04    0.130439456759457471E+03    0.164742391624242863E+02    0.284212649501045522E+00    0.952973246948425445E+00   -0.321685543265787377E+01    0.376487940064295188E+02
    0.113151597105026652E-04    0.130356861556660220E+03    0.217057273782086568E+02    0.692311744817109109E+00    0.541495469206034752E+00   -0.866150053538516818E+00    0.640317986962179475E+02
    0.120694445999988836E-04    0.130177794306229089E+03    0.456034281433501008E+02    0.193680271406791588E+00    0.709899235307724696E+00   -0.174657549429132941E+01    0.463647949286119712E+02
    0.145327398938864568E-04    0.129756340288776869E+03    0.325132042717497711E+02    0.275839987192855240E+00    0.736334890032631306E+00   -0.183781337114520937E+01    0.589868621363256906E+02
    0.145330240374745166E-04    0.129706301185233770E+03    0.436330495490595638E+02    0.176948565393647089E+00    0.936893528019136501E+00   -0.330749372349267556E+01    0.774795972604505323E+01
    0.145942793307551523E-04    0.129647889093965205E+03    0.295074025403084121E+02    0.379043251191974295E+00    0.298332852591265407E+00    0.115323988501229535E+01    0.454118733717903410E+03
    0.211334787418885147E-04    0.128857431437939510E+03    0.228401012951088376E+02    0.245713641082639489E+00    0.488336821067078986E+00    0.648504382039169908E-01    0.129749247982012122E+03
    0.242884996123738231E-04    0.128529142401824629E+03    0.390475363822787926E+02    0.343537162744585067E+00    0.604950064135459709E+00   -0.129483776698574804E+01    0.742094334996690890E+02
    0.242769365723160150E-04    0.128480094769696507E+03    0.253490354064152896E+02    0.665263816890112047E+00    0.299360689423659287E+00    0.102193512589805602E+01    0.218919455033557540E+03
    0.237788943984601520E-04    0.128471551549972475E+03    0.281326495025837247E+02    0.247174397263342283E+00    0.731181125291960554E+00   -0.203655547762456912E+01    0.650160999633342129E+02
    0.244189712019147875E-04    0.128368427667561548E+03    0.153657246502102183E+02    0.815611379188134977E+00    0.391078542918714855E+00    0.150055650636148036E+00    0.778284445819757451E+02
    0.338739167579625182E-04    0.127663857742376621E+03    0.207493805076548341E+02    0.718226010145730620E+00    0.299212463338284052E+00    0.899907898246147475E+00    0.134540269007949775E+03
    0.332056118738592289E-04    0.127653710556537831E+03    0.158504564018186915E+02    0.296749168344218828E+00    0.566149426042163118E+00   -0.276240793055527900E+00    0.818081918429479202E+02
    0.350445607684249664E-04    0.127495907511475338E+03    0.268915194964745865E+02    0.216808196834312211E+00    0.663466170781437103E+00   -0.127400519212382357E+01    0.114032009861779130E+03
    0.348172240857006404E-04    0.127458923925850414E+03    0.257812399754766766E+02    0.280504748110348368E+00    0.793387014533131429E+00   -0.195759469512723117E+01    0.882714572170894840E+01
    0.349742235989059321E-04    0.127399925701383324E+03    0.299286084550826033E+02    0.628047952883921790E+00    0.305226998430296992E+00    0.886777956150585300E+00    0.164041956986733339E+03
    0.609869358862586970E-04    0.126237828993629307E+03    0.235632471121532774E+02    0.266364315716350109E+00    0.625803964866848861E+00   -0.756076839285880875E+00    0.534942738716688382E+02
    0.606404438239814544E-04    0.126199224223895541E+03    0.135310812587759788E+02    0.204308175553859939E+00    0.827998002109849529E+00   -0.179476649153060697E+01    0.194337262902242074E+02
    0.763231306636964909E-04    0.125689196251453595E+03    0.310196807770861760E+02    0.248113440222724191E+00    0.666334846453569996E+00   -0.122317144638740793E+01    0.524754109072567232E+02
    0.785891865680514294E-04    0.125580680115502901E+03    0.234673084833715535E+02    0.293213637527823090E+00    0.602602177314973342E+00   -0.875912684782649498E+00    0.119383528976286783E+03
    0.832588313227696240E-04    0.125415239934125424E+03    0.147947213382517138E+02    0.196464761023171786E+00    0.648570357114533702E+00   -0.708187015411546161E+00    0.844702268700587524E+02
    0.873910319083393239E-04    0.125268363009199618E+03    0.364265122195578996E+02    0.283389849434248831E+00    0.888189599400321828E+00   -0.294799763598577247E+01    0.168034049973308797E+02
    0.101273151725830661E-03    0.124923505666766886E+03    0.166197174902861668E+02    0.244688231073316026E+00    0.786451344880705450E+00   -0.192881247814926460E+01    0.661318062175214862E+02
    0.148143836840472753E-03    0.124112780999809431E+03    0.321495962320177853E+02    0.187177201407697558E+00    0.782803257570226396E+00   -0.195030506098426715E+01    0.174704593091591320E+02
    0.147542700205535742E-03    0.124070913090896767E+03    0.326196819052283757E+02    0.201969110638357874E+00    0.795467833259479229E+00   -0.204636774137240174E+01    0.201732661166266958E+02
    0.158048459073523216E-03    0.123883344966503927E+03    0.368368688053587618E+02    0.293285331678194983E+00    0.763150554814493787E+00   -0.236264533842129154E+01    0.521372757296005815E+02
    0.161834628288869928E-03    0.123785998342871835E+03    0.195429884519314108E+02    0.253832517641220001E+00    0.741762628806507007E+00   -0.165044312947550531E+01    0.784692318305163923E+02
    0.180828293197242022E-03    0.123514052495228782E+03    0.136267102894333068E+02    0.225904204647911389E+00    0.105266863561997370E+01   -0.327457837989343847E+01    0.925098094222157386E+01
    0.181112166442200202E-03    0.123460915257646150E+03    0.157763641365264853E+02    0.338100583339345728E+00    0.628035468971319233E+00   -0.100058284657745800E+01    0.635867968555266287E+02
    0.187172842381997452E-03    0.123345083382956958E+03    0.146002608651544321E+02    0.241746259529842189E+00    0.957195599095189920E+00   -0.274180782621732799E+01    0.330159356028342401E+02
    0.224549092018602557E-03    0.122930959632573163E+03    0.252180433844185075E+02    0.422487368777232197E+00    0.733567916955247368E+00   -0.188817073569815186E+01    0.125632435737044972E+02
    0.258380627825265737E-03    0.122600280745741088E+03    0.395443734246433962E+02    0.199245188156918857E+00    0.946933162451945476E+00   -0.333005702980675844E+01    0.147178042037207248E+02
    0.324370997817919639E-03    0.122095372513083404E+03    0.347782309213331189E+02    0.216138134406597598E+00    0.998962503735999596E+00   -0.366626705537852482E+01    0.267485657435732911E+02
    0.331615214308678553E-03    0.122001197737067315E+03    0.333894200756877098E+02    0.294346949566507365E+00    0.852602865661148068E+00   -0.269201267276590039E+01    0.239460527864314443E+02
    0.344040973660206164E-03    0.121877626824988781E+03    0.249554341749766664E+02    0.183833826327174765E+00    0.764962875169250323E+00   -0.153689097601138269E+01    0.386699150793769206E+02
    0.417964315988544953E-03    0.121438356223639914E+03    0.219872325792731829E+02    0.110277374108459125E+01    0.428024318310866292E+00   -0.634591441633561182E+00    0.239048157429586290E+02
    0.600365584768776535E-03    0.120664070789281553E+03    0.314170496919832161E+02    0.312188308656404456E+00    0.744288867459509507E+00   -0.219676837590727603E+01    0.220056318861036218E+02
    0.604957694821659127E-03    0.120598831285161722E+03    0.283366271302737402E+02    0.248074690597784669E+00    0.899005642355045653E+00   -0.309514853560526504E+01    0.435057697144024047E+02
    0.608467382700269383E-03    0.120537261728109129E+03    0.153032236168334261E+02    0.182540673139959059E+00    0.833638144061100816E+00   -0.179830296759143171E+01    0.166250010044153846E+02
    0.687321338404332837E-03    0.120243544495791468E+03    0.242509577535040073E+02    0.250605008962919762E+00    0.790017449363281110E+00   -0.205458645932214479E+01    0.673783346438318276E+01
    0.673936103755990107E-03    0.120232877734765566E+03    0.339531077034519697E+02    0.226482559176947124E+00    0.774863567279848842E+00   -0.211895066056707337E+01    0.225833050186404058E+02
    0.782914365925847138E-03    0.119883101697751968E+03    0.150498225435387791E+02    0.110182996272550526E+01    0.382228495323516271E+00   -0.583823199520933853E-01    0.172257815305207416E+02
    0.765760671155408254E-03    0.119877408982151877E+03    0.365706404676177073E+02    0.221163033447843799E+00    0.106208570468999142E+01   -0.414264427277294445E+01    0.102907651664311999E+02
    0.785155695973514009E-03    0.119777384270633064E+03    0.281370779124495840E+02    0.192379643124051841E+00    0.118003624750749325E+01   -0.471136815566556599E+01    0.225105448101015426E+01
    0.783401266987528849E-03    0.119731858267456971E+03    0.144626415198957918E+02    0.946441846936738052E+00    0.343640996237283947E+00    0.471677951983321520E+00    0.713383936146907160E+02
    0.842132333807469073E-03    0.119537274008634000E+03    0.378930806717671658E+02    0.203430570847386943E+00    0.819974028716662029E+00   -0.250123813541531170E+01    0.364794179622522634E+02
    0.916836875131331092E-03    0.119317289211069934E+03    0.424628099553515170E+02    0.162393656873826564E+00    0.929624410345792240E+00   -0.335829893241522948E+01    0.304848818262796364E+02
    0.895626382842084918E-03    0.119314101659348324E+03    0.282635234733230298E+02    0.232840248857442866E+00    0.959100786247924386E+00   -0.308234103762475442E+01    0.204260165652386263E+02
    0.902983734041020456E-03    0.119247739264482036E+03    0.164651372323531184E+02    0.359180938635259461E+00    0.700591616315342280E+00   -0.128585209657334198E+01    0.235754808603747641E+02
    0.995226837161827154E-03    0.119003206968058649E+03    0.283886809949136101E+02    0.174412702760123967E+00    0.101708187933125127E+01   -0.359936147157076114E+01    0.362790236224149254E+01
    0.108907337793041057E-02    0.118772983341139067E+03    0.321124898232600628E+02    0.288979771421812637E+00    0.936397800157762639E+00   -0.362436797243389996E+01    0.149203511209171573E+02
    0.109457371529736187E-02    0.118712907813794402E+03    0.323371987671669388E+02    0.199308083336317499E+00    0.718960491914037991E+00   -0.176972222033233373E+01    0.342150513336413127E+02
    0.107042244365354675E-02    0.118707531031118407E+03    0.312776890485442713E+02    0.284220173370566709E+00    0.707226201519113862E+00   -0.170770376904698096E+01    0.387596451138012483E+02
    0.110127413691078735E-02    0.118600702155004626E+03    0.162562877511859227E+02    0.193732378503160829E+00    0.720965411256719757E+00   -0.127959741719771314E+01    0.699222617928799650E+02
    0.113733777592382496E-02    0.118486257292339886E+03    0.240448546585428033E+02    0.218862278889045692E+00    0.673144553036571169E+00   -0.112010854600991339E+01    0.681556720432022161E+02
    0.115872637938398766E-02    0.118398994880291994E+03    0.196174313780604450E+02    0.276104995050063640E+00    0.845972170765705855E+00   -0.245700216699619878E+01    0.482479043553428255E+02
    0.132014406736306292E-02    0.118088156041371150E+03    0.350405282569706173E+02    0.208550739778635447E+00    0.778005220921373142E+00   -0.224682001805814568E+01    0.288887199773852821E+02
    0.150335698778553779E-02    0.117778236587756908E+03    0.188345823129476706E+02    0.196134055507152349E+00    0.662647183909619519E+00   -0.869091812893881377E+00    0.700934038585845656E+02
    0.182013805316250739E-02    0.117345813083344098E+03    0.342074601118145694E+02    0.273041966951184323E+00    0.861008748804189650E+00   -0.293052490142089717E+01    0.173398292293853942E+02
    0.185959217512601110E-02    0.117252923380541986E+03    0.186920314820382885E+02    0.207568987640282199E+00    0.979928700878838543E+00   -0.286456466551746214E+01    0.669887901822150766E+01
    0.208713007959897235E-02    0.116972057877215946E+03    0.263342485496132070E+02    0.167788531280704312E+00    0.769764485877658000E+00   -0.179556870813068614E+01    0.641510918041013980E+02
    0.217452367233327308E-02    0.116840018507879449E+03    0.316811144618357901E+02    0.166675736529906526E+00    0.728959740827021307E+00   -0.175638291820493952E+01    0.634772381686375979E+02
    0.213408373213631311E-02    0.116827563007965878E+03    0.183401826154102281E+02    0.291305429159171569E+00    0.673741761614752743E+00   -0.108672823304353505E+01    0.377133968217978222E+02
    0.254239314298270814E-02    0.116427426147076076E+03    0.289306790941582648E+02    0.172947862072004244E+00    0.738660416845475787E+00   -0.179973553505635731E+01    0.315816372519296102E+02
    0.252027864431614941E-02    0.116394898849436245E+03    0.198478034496669515E+02    0.207745186248896180E+00    0.721601427523539840E+00   -0.132744082243270567E+01    0.657311036670831328E+02
    0.249165018418352584E-02    0.116367747355453332E+03    0.154358859324352906E+02    0.260356549412103566E+00    0.782894990596615492E+00   -0.173101164309968425E+01    0.250955244382548770E+02
    0.277069865073687350E-02    0.116105438768780758E+03    0.231145974672674619E+02    0.196934620045841530E+00    0.862737410147122796E+00   -0.265925372652811109E+01    0.246916708337895017E+02
    0.273031786303289895E-02    0.116084801715011210E+03    0.265863751899443557E+02    0.258099393423774970E+00    0.723323498562938649E+00   -0.171902105706528396E+01    0.597440214648103307E+02
    0.269229583714472587E-02    0.116062849185196171E+03    0.294336799815364643E+02    0.304260136719291474E+00    0.102055019917293976E+01   -0.418058876852649419E+01    0.122147973726887642E+02
    0.284675118308223970E-02    0.115901280969942064E+03    0.259117649071368064E+02    0.185710670337981998E+00    0.873199638946552836E+00   -0.235473741422788940E+01    0.212461370320574332E+02
    0.312578152624482398E-02    0.115664269105900402E+03    0.182907622429163084E+02    0.269047177021686457E+00    0.661535764020360517E+00   -0.112308325221211081E+01    0.667858313964520676E+02
    0.340734791821461830E-02    0.115441769282325097E+03    0.301271727993420164E+02    0.195592962363956430E+00    0.100915405068448050E+01   -0.357636273349144762E+01    0.943107231782697752E+01
    0.335556272633611655E-02    0.115422398818480218E+03    0.291200241893299960E+02    0.304505083414565003E+00    0.102264431745836037E+01   -0.385172603546835823E+01    0.112306803518585490E+02
    0.341998035758564250E-02    0.115334368171216013E+03    0.266924045626402524E+02    0.217149679486551728E+00    0.785949264128444458E+00   -0.217720894142291055E+01    0.220624884680145144E+02
    0.354272485454360745E-02    0.115213845458589731E+03    0.197999136709490102E+02    0.263834511393839122E+00    0.758443516030000042E+00   -0.176267840022702638E+01    0.158276517072953933E+02
    0.348003194043928175E-02    0.115199554842477212E+03    0.179397425083510100E+02    0.217225484860454926E+00    0.882318026076102990E+00   -0.247985922268829651E+01    0.443148953660774936E+02
    0.373535922790444938E-02    0.115007949800973961E+03    0.237795155554438296E+02    0.272025282829172654E+00    0.109415022548512186E+01   -0.431657065845364318E+01    0.475773619438183104E+01
    0.368702519274481492E-02    0.114983997882368143E+03    0.193713556351357461E+02    0.366862180961728734E+00    0.902821015881676181E+00   -0.272349835707218357E+01    0.111045687371180151E+02
    0.387912158993130012E-02    0.114832420319227026E+03    0.181488353313831539E+02    0.291451649408171476E+00    0.757716019200771473E+00   -0.160474505961780234E+01    0.273860800523041448E+02
    0.386987110094170073E-02    0.114787195388066479E+03    0.284619658529302626E+02    0.183021332629465794E+00    0.775209742851575734E+00   -0.210001157068948130E+01    0.530971144318715105E+02
    0.381816357119790740E-02    0.114764098653536848E+03    0.192048971521802230E+02    0.272748849241854996E+00    0.651216965851061147E+00   -0.106515942409126563E+01    0.623075112708578516E+02
    0.387576370360114952E-02    0.114684152330166128E+03    0.227858297309629556E+02    0.470827372924138954E+00    0.847602039836720889E+00   -0.277888630567283990E+01    0.127145372774739904E+02
    0.417582907212417018E-02    0.114485011949064258E+03    0.296649957787494785E+02    0.308839764376599935E+00    0.825935006809527028E+00   -0.263784885263946212E+01    0.204268447193596749E+02
    0.442011199223367370E-02    0.114321307719783945E+03    0.245812354847076335E+02    0.279730613348730284E+00    0.787048069166932485E+00   -0.228679628720373973E+01    0.277429537890968234E+02
    0.432522602702395918E-02    0.114314708987336275E+03    0.185442282530849170E+02    0.305699130638181327E+00    0.100017867160126372E+01   -0.337615699366977262E+01    0.226639227300814596E+02
    0.474521524142332805E-02    0.114079364201007778E+03    0.171714745020169381E+02    0.257897770198197596E+00    0.715700588273122773E+00   -0.133676830168541461E+01    0.457514986371841701E+02
    0.494442702538190528E-02    0.113947115608793439E+03    0.256704507177180687E+02    0.330201517667085054E+00    0.993835711184369863E+00   -0.370215145201596485E+01    0.191272632334224468E+02
    0.511561625909473169E-02    0.113829042040724445E+03    0.211079387578090447E+02    0.183006669527646076E+00    0.810560129852012312E+00   -0.187139911973034256E+01    0.466764755132367171E+02
    0.503745829408268255E-02    0.113809834490243546E+03    0.258911696686627657E+02    0.432654527416780399E+00    0.908783697118956013E+00   -0.337515399119152404E+01    0.118462773514025166E+02
    0.523176133628206700E-02    0.113684141792619215E+03    0.242111471770700888E+02    0.295772721574140474E+00    0.700814622386337405E+00   -0.155162229328858814E+01    0.485730166332439737E+02
    0.516576068857839150E-02    0.113659533047972744E+03    0.258957010905241347E+02    0.255681881539430833E+00    0.904766332679801555E+00   -0.281965813033860613E+01    0.140171548757964857E+02
    0.557443008003759722E-02    0.113457257617890804E+03    0.178325258714755250E+02    0.299590830695848631E+00    0.833683011091975512E+00   -0.232631934474338253E+01    0.154460198718767074E+02
    0.544355654216865069E-02    0.113454772539773487E+03    0.275682868945935411E+02    0.197732402321108947E+00    0.923768434424372398E+00   -0.284766651458530973E+01    0.245030616598004904E+02
    0.539911629048221015E-02    0.113421167206005208E+03    0.229428228378133383E+02    0.377608071523590105E+00    0.103357538691600159E+01   -0.393233976523470652E+01    0.653292515431734344E+01
    0.561274489926854442E-02    0.113293558013080101E+03    0.250940624808184154E+02    0.292216502298666136E+00    0.102609481532784064E+01   -0.367309849922409271E+01    0.105825526423453873E+02
    0.581791556735538045E-02    0.113171753691233221E+03    0.224306595222447669E+02    0.219812405904637548E+00    0.716276944200448740E+00   -0.148371873740615223E+01    0.621703301009703893E+02
    0.575216884128487791E-02    0.113144483839580545E+03    0.260213264614845983E+02    0.203741866083312628E+00    0.895588724433909578E+00   -0.273425160784852350E+01    0.373421307653314685E+02
    0.577284023231982701E-02    0.113087309385115518E+03    0.247314190508203104E+02    0.207011774200257348E+00    0.108025972786551616E+01   -0.390132873926361778E+01    0.222212959075442313E+02
    0.565438393730023896E-02    0.113078775461748521E+03    0.261727994647283886E+02    0.286126605937527922E+00    0.812337637067164220E+00   -0.249980959199165387E+01    0.278588147524798551E+02
    0.555170536264964522E-02    0.113065427480321475E+03    0.174765282935755586E+02    0.268368394419428669E+00    0.806008274929588375E+00   -0.206807117924816586E+01    0.225434128868837433E+02
    0.561763035937430742E-02    0.112991817925041573E+03    0.219487025827107658E+02    0.220800168539806330E+00    0.688976705668084222E+00   -0.126923274307491329E+01    0.563635127251287216E+02
    0.562296275493122822E-02    0.112939920375365077E+03    0.339039509193850961E+02    0.175205723148213727E+00    0.957995898652111988E+00   -0.342113594984625857E+01    0.246336879251308467E+02
    0.561771673303902881E-02    0.112891787174353070E+03    0.237248650644450052E+02    0.309566918204072505E+00    0.984122945143518946E+00   -0.356463159937955076E+01    0.227529370995921383E+02
    0.552575167162808970E-02    0.112874799211913199E+03    0.237651178332308888E+02    0.200671606680208975E+00    0.812377053989007392E+00   -0.214891032266370674E+01    0.519159604703107220E+02
    0.578280357873590511E-02    0.112733860559918782E+03    0.256937551001469586E+02    0.241962017124019269E+00    0.841321718916126837E+00   -0.262620884083044670E+01    0.301188626550128511E+02
    0.574263388355565965E-02    0.112697801846907637E+03    0.328430112406299060E+02    0.185559178156778387E+00    0.957220737470151017E+00   -0.340622671153605250E+01    0.196945754375524835E+02
    0.568021020683830060E-02    0.112669661305951138E+03    0.211353714911863904E+02    0.310507576697807375E+00    0.854124853416153296E+00   -0.241683572875946195E+01    0.153350723564017937E+02
    0.555898173111431509E-02    0.112662807887331937E+03    0.209305501753875696E+02    0.309432360714400667E+00    0.845183639812384202E+00   -0.249182253029912681E+01    0.355709726696168786E+02
    0.558581302678360595E-02    0.112603177796121926E+03    0.279300562331225741E+02    0.295121171543956839E+00    0.931061021600386951E+00   -0.322118980311777392E+01    0.177055134341685587E+02
    0.585059018114413021E-02    0.112460552702898411E+03    0.179071016246841381E+02    0.300019772879171143E+00    0.110886199754846104E+01   -0.409153931015355443E+01    0.162215258307457582E+02
    0.600329965657815483E-02    0.112359019264884068E+03    0.232143203768452651E+02    0.404060301832239621E+00    0.993072667946356291E+00   -0.372797468936554788E+01    0.941326458703221292E+01
    0.597390569123438207E-02    0.112318835920273273E+03    0.232235762034211675E+02    0.341537578630006999E+00    0.905449007705229070E+00   -0.319351261158959954E+01    0.173161368072705564E+02
    0.647284674765066705E-02    0.112108405779232712E+03    0.166190255821936965E+02    0.394616003162175433E+00    0.940474864247136222E+00   -0.313558606198464140E+01    0.166221634787825465E+02
    0.653839985536084755E-02    0.112038252856343448E+03    0.189245366108242195E+02    0.325551214572132819E+00    0.979281763885621714E+00   -0.349837810189502729E+01    0.142027695296526488E+02
    0.648857880262946728E-02    0.112003550738359820E+03    0.241871984776681046E+02    0.194380376307237701E+00    0.833823067780326332E+00   -0.234564306187355420E+01    0.192964015150753028E+02
    0.667567696121492814E-02    0.111896696553431255E+03    0.202855961263501428E+02    0.178241420900685843E+00    0.784349601652790551E+00   -0.174697021161346777E+01    0.531940777560818816E+02
    0.658499330000956572E-02    0.111874051151075520E+03    0.216446583844641900E+02    0.225456044630361424E+00    0.717642503395646614E+00   -0.151687312937904784E+01    0.422398269546584260E+02
    0.653712249026372049E-02    0.111838643621642888E+03    0.212879834648151771E+02    0.220788828210146920E+00    0.949549757756770085E+00   -0.284268035245008699E+01    0.128638919996984988E+02
    0.641735597941568096E-02    0.111825625403221082E+03    0.283950955492789916E+02    0.205596333399860942E+00    0.911878034562752182E+00   -0.306074734661597114E+01    0.331921846159766361E+02
    0.634171396896776682E-02    0.111799339638496505E+03    0.188576690458087306E+02    0.215981032856750743E+00    0.857543855308205094E+00   -0.241530126087609887E+01    0.256086486078336506E+02
    0.643435122719164532E-02    0.111720335753399553E+03    0.238742126699142005E+02    0.222440835245318186E+00    0.899505747120857735E+00   -0.282757673947813037E+01    0.376139403746395615E+02
    0.656770138998951248E-02    0.111629309973055470E+03    0.218362720530629772E+02    0.255675052869408725E+00    0.106478366535815816E+01   -0.401295862997552799E+01    0.223591889408909275E+02
    0.655057047240501043E-02    0.111584533504783479E+03    0.246227838800725749E+02    0.185682706548590926E+00    0.748678062252940091E+00   -0.174383084038975822E+01    0.397221392945811118E+02
    0.649012564454381526E-02    0.111553074006054828E+03    0.192818944177006841E+02    0.180261027338044943E+00    0.777015277454366937E+00   -0.163252043563413940E+01    0.335074060030303542E+02
    0.654765487684542263E-02    0.111485423883603517E+03    0.172568096670453102E+02    0.177710565143594235E+00    0.885302006453853263E+00   -0.225814683340192790E+01    0.340576039530308705E+02
    0.647225242433561304E-02    0.111458589423500712E+03    0.237304755117042063E+02    0.291750328457439201E+00    0.956900015611923838E+00   -0.337995895094927556E+01    0.107490178184570802E+02
    0.660597895438083237E-02    0.111367687504280923E+03    0.209635210882138168E+02    0.241404952695820657E+00    0.758190539025805688E+00   -0.174597898218961545E+01    0.280426789780918142E+02
    0.650584202195294333E-02    0.111348236694829083E+03    0.180978559577942235E+02    0.317872034492251265E+00    0.108462330517832850E+01   -0.384830141970650264E+01    0.113367600809494036E+02
    0.639294168404087090E-02    0.111333248746745312E+03    0.182696146001695823E+02    0.189320566202207580E+00    0.916510029660030590E+00   -0.264351222170877742E+01    0.372347012063693938E+02
    0.625729221366667487E-02    0.111326142710927456E+03    0.201872300568290513E+02    0.429565984056956118E+00    0.857532978236150822E+00   -0.272864687351039681E+01    0.139622587460723082E+02
    0.630625070918380132E-02    0.111260555151385901E+03    0.204665673879571095E+02    0.205114982713659383E+00    0.764365377532077339E+00   -0.163904629457946904E+01    0.408979410279183355E+02
    0.617457763050787041E-02    0.111252756826026214E+03    0.197700185577902943E+02    0.386813930413037022E+00    0.969070323210118656E+00   -0.349768978176973633E+01    0.170687246400544481E+02
    0.619390507893002006E-02    0.111196506273033521E+03    0.253696892982722240E+02    0.171556075764074611E+00    0.867010535106954694E+00   -0.257671236638400547E+01    0.203579294153180328E+02
    0.613974923412709175E-02    0.111164069986584735E+03    0.199485420714844039E+02    0.190809306718822957E+00    0.875980972422202964E+00   -0.253491385670591818E+01    0.243891242346192598E+02
    0.609599816660956993E-02    0.111128372751277482E+03    0.236483206314868184E+02    0.236987936314630471E+00    0.752253883566110670E+00   -0.182422297801699385E+01    0.448124198130384244E+02
    0.597048604046106473E-02    0.111119981110733704E+03    0.274792409574364527E+02    0.206822516177804977E+00    0.108506008892610728E+01   -0.404453594820309448E+01    0.108113764674878503E+02
    0.606927699529827974E-02    0.111037158812892798E+03    0.247678363699506825E+02    0.195309280130103791E+00    0.810128382747289710E+00   -0.210448629002682264E+01    0.427015382347724710E+02
    0.592495428711276115E-02    0.111035291843067625E+03    0.201023922543385218E+02    0.191633953412797930E+00    0.800684952480780310E+00   -0.197825207613960208E+01    0.274810271301345850E+02
    0.580787020701331071E-02    0.111025209926549081E+03    0.246697012193931471E+02    0.277188860013430516E+00    0.841096058096098775E+00   -0.258515029707165445E+01    0.332095259725519583E+02
    0.568843995676609863E-02    0.111016765711048691E+03    0.196746144642229446E+02    0.309869714642168503E+00    0.970454235312589453E+00   -0.312784652877745328E+01    0.144949466613971296E+02
    0.562242785286612770E-02    0.110990110640722392E+03    0.208889942870042304E+02    0.276715625014058442E+00    0.843390558208120700E+00   -0.233968500002775226E+01    0.325184009422618203E+02
    0.580520929893405327E-02    0.110876126447657725E+03    0.218575335420050223E+02    0.218874139229453896E+00    0.808885198394852623E+00   -0.198202631677023899E+01    0.310945527979222298E+02
    0.570761803007219758E-02    0.110860034228484224E+03    0.227919662441921815E+02    0.175496499482341139E+00    0.783858707199317939E+00   -0.178808374483149235E+01    0.421458576843073729E+02
    0.560084304468995691E-02    0.110847803526329685E+03    0.210534976699409242E+02    0.187021973389578738E+00    0.815751207446857363E+00   -0.204151085485859074E+01    0.487720568810679822E+02
    0.566194987854487086E-02    0.110776101117744503E+03    0.266766811035324594E+02    0.243913279540620170E+00    0.103679775654937512E+01   -0.379821176075260514E+01    0.175681429658728376E+02
    0.563185266485837378E-02    0.110736760870230825E+03    0.236838661193507605E+02    0.175976027701657184E+00    0.835088728959680004E+00   -0.228905913505315617E+01    0.477556570156002564E+02
    0.569122298407716710E-02    0.110665787465073905E+03    0.227474167397693563E+02    0.239086955572703069E+00    0.825184773725248677E+00   -0.226526167816675228E+01    0.200792024315708559E+02
    0.565632636976134799E-02    0.110628088526117594E+03    0.229528974207618646E+02    0.355178825759688677E+00    0.823677739058384817E+00   -0.249640967274248071E+01    0.244591515177458554E+02
    0.553148060271574111E-02    0.110622726746956985E+03    0.207863757219830241E+02    0.206926099304647226E+00    0.914263745709091968E+00   -0.271276597982111900E+01    0.356460869668199365E+02
    0.547117876977184711E-02    0.110594649605672501E+03    0.230216289420361804E+02    0.357424781311001249E+00    0.881615073768869273E+00   -0.287071378181337211E+01    0.187002986313074189E+02
    0.559013200085982202E-02    0.110501631985264567E+03    0.246454161050217877E+02    0.308447000299952645E+00    0.930243292266730748E+00   -0.329080517234821945E+01    0.168824916437252099E+02
    0.554238467790165237E-02    0.110468788075704026E+03    0.193970783708017755E+02    0.209837180851047245E+00    0.974437427703426451E+00   -0.290231487763599283E+01    0.154565895630117716E+02
    0.549207474845213924E-02    0.110437025590064550E+03    0.232434596995195690E+02    0.160759558569812389E+00    0.782031960721557895E+00   -0.189397732666334928E+01    0.512527811488896958E+02
    0.547748329616071228E-02    0.110392346300648498E+03    0.195789305061973735E+02    0.417340026042207324E+00    0.953225210705715420E+00   -0.341594051081552319E+01    0.118424464622391383E+02
    0.535464333315785034E-02    0.110387709592081578E+03    0.290200578117961392E+02    0.177375046066539199E+00    0.105549495207625932E+01   -0.390799371700083009E+01    0.221995994498756843E+02
    0.529404474218881857E-02    0.110360472676021345E+03    0.211734526886526986E+02    0.159646619443170101E+00    0.871950269320044713E+00   -0.248196289345140997E+01    0.263857581688532576E+02
    0.525657860758332787E-02    0.110324677065979969E+03    0.250916333726990324E+02    0.218851357197498930E+00    0.857736173753964048E+00   -0.246148649288548516E+01    0.302951005018099337E+02
    0.535643560610550660E-02    0.110237040276516069E+03    0.255923993639320244E+02    0.162861935184493489E+00    0.844419219217788397E+00   -0.229405793372829248E+01    0.401297091430948214E+02
    0.543910651387807809E-02    0.110156408179328110E+03    0.178631056646623705E+02    0.241873293502052444E+00    0.100181729474681069E+01   -0.331725648796744199E+01    0.230745594536687264E+02
    0.592216209699584269E-02    0.109936234583926435E+03    0.180038873111065065E+02    0.164834837939249190E+00    0.856543473135384370E+00   -0.211608434395754008E+01    0.346088804998203230E+02
    0.586436891347548710E-02    0.109905848038179116E+03    0.287266536439017912E+02    0.184656532914150573E+00    0.933355619702901151E+00   -0.313464553136577573E+01    0.241355527003900363E+02
    0.575634241026383529E-02    0.109893033236954111E+03    0.205041027707341996E+02    0.346180008110371140E+00    0.832239686378396293E+00   -0.250937960369822211E+01    0.237835430442193143E+02
    0.569820114825588583E-02    0.109863336712526333E+03    0.187075525108423619E+02    0.290321259764070749E+00    0.962382514178732551E+00   -0.316794985930563433E+01    0.123220984012185681E+02
    0.566728371011917999E-02    0.109824217907577918E+03    0.251642883653099574E+02    0.188819995429256704E+00    0.843904388029725450E+00   -0.233493763277571942E+01    0.355019651357668806E+02
    0.563445049992428691E-02    0.109785838532149214E+03    0.239784667645046738E+02    0.211669214661000554E+00    0.882628885517288464E+00   -0.267513872399617370E+01    0.358414611216835652E+02
    0.576538987133834707E-02    0.109689892229087249E+03    0.232315215843461829E+02    0.169892312555303432E+00    0.836878217980936978E+00   -0.214090328943328245E+01    0.290334448612588432E+02
    0.579796504500408681E-02    0.109628623783182107E+03    0.207958481196078608E+02    0.199034805545488219E+00    0.983545266426811393E+00   -0.331256472621063169E+01    0.274086445339755613E+02
    0.566918527987007783E-02    0.109623546950943918E+03    0.235870640186165375E+02    0.276928660146677941E+00    0.875712739988563582E+00   -0.280050800826659874E+01    0.234922631707089984E+02
    0.561477820865983156E-02    0.109592833611306375E+03    0.214031877847546852E+02    0.334328003371248683E+00    0.942142946612266052E+00   -0.325852109918132227E+01    0.197430175154526992E+02
    0.549585299032264579E-02    0.109585650174386814E+03    0.255347424614269407E+02    0.256288324132569356E+00    0.112612330951736705E+01   -0.444276743766623827E+01    0.132336069398055542E+02
    0.538591532241965848E-02    0.109576063241595591E+03    0.245388583574310815E+02    0.271556192780331218E+00    0.992799793537195940E+00   -0.365502563872123343E+01    0.164748226575137693E+02
    0.529303262469924939E-02    0.109560855073337464E+03    0.252640996469974226E+02    0.190905118782491334E+00    0.104873413583369213E+01   -0.382835443027604461E+01    0.112332662101239222E+02
    0.544890688006863591E-02    0.109452807754353344E+03    0.247948895204764810E+02    0.217654877478075992E+00    0.942240032259931692E+00   -0.320464963894657817E+01    0.264798012371162379E+02
    0.540922934419390058E-02    0.109417424521600097E+03    0.198984069066643698E+02    0.161838949496425466E+00    0.828500984332362966E+00   -0.201403285334927595E+01    0.282614061170792183E+02
    0.529577882961181513E-02    0.109409817674575194E+03    0.225340823456948698E+02    0.339591665862955305E+00    0.928841138977693825E+00   -0.319613791292468585E+01    0.168584461609286009E+02
    0.519278824771580213E-02    0.109399096211447500E+03    0.188537175063563467E+02    0.295953866214027139E+00    0.871912989289242768E+00   -0.258623976707666969E+01    0.198104635202501385E+02
    0.511924189293148143E-02    0.109377625065937053E+03    0.210471463001848420E+02    0.217126646365262854E+00    0.109255085611564651E+01   -0.392339277642673290E+01    0.842917013978123109E+01
    0.501212045221087997E-02    0.109369919647522863E+03    0.199516699440949310E+02    0.194499277754193595E+00    0.882040520478216683E+00   -0.255167519205700977E+01    0.265247878775544983E+02
    0.502975904124617137E-02    0.109312893629261268E+03    0.173540064012084088E+02    0.232069295539592185E+00    0.101469810525209092E+01   -0.331589441105863525E+01    0.176418596005998438E+02
    0.490606922241550430E-02    0.109312691675573845E+03    0.253274648312465871E+02    0.256850543041062140E+00    0.979851023076224958E+00   -0.347425089217024130E+01    0.206996792469539272E+02
    0.484700204801963210E-02    0.109286917027746824E+03    0.225954257157303147E+02    0.245594452813053754E+00    0.111379934895861954E+01   -0.438743861888888098E+01    0.162920694307932905E+02
    0.483313663817401106E-02    0.109242646457779770E+03    0.218793826194044243E+02    0.235298423880109991E+00    0.112020741512839916E+01   -0.434852352835921430E+01    0.181447941722087975E+02
    0.474878244197257313E-02    0.109227861272173769E+03    0.250975890107186785E+02    0.256104059755687730E+00    0.932939745922259922E+00   -0.315026630011016451E+01    0.179407219511774443E+02
    0.474363297660357862E-02    0.109180031200752339E+03    0.209478938931123189E+02    0.248209784782206594E+00    0.832968313865975696E+00   -0.228886693403745722E+01    0.236079873909550564E+02
    0.487189729062816827E-02    0.109076670889293993E+03    0.225205859018927050E+02    0.262476270318767191E+00    0.853266617779641301E+00   -0.253633019087170730E+01    0.302120657259158989E+02
    0.491455635263634682E-02    0.109009234815409940E+03    0.244493083119658259E+02    0.178679011059381720E+00    0.979143741729492700E+00   -0.336787074225839600E+01    0.281159273758567565E+02
    0.481121073707605536E-02    0.109001740256673585E+03    0.202260220655592917E+02    0.287115113275562606E+00    0.100836001807338405E+01   -0.361720891962513580E+01    0.173828293029110128E+02
    0.473760773087383413E-02    0.108982573166187748E+03    0.198544296739575685E+02    0.245862781427976268E+00    0.110513456682713485E+01   -0.418531527600960729E+01    0.134656173536642392E+02
    0.462445197426676093E-02    0.108980922042753576E+03    0.243969057157186349E+02    0.260256844029458534E+00    0.897491243042504494E+00   -0.286984050338095154E+01    0.226732906031244141E+02
    0.456473114358926877E-02    0.108956918552237283E+03    0.259870741947690327E+02    0.220692263048844067E+00    0.107293218737425189E+01   -0.410744359176652019E+01    0.188453409931532931E+02
    0.448085437080359382E-02    0.108944010314513733E+03    0.213539818535275643E+02    0.236624550710097442E+00    0.113055133068475011E+01   -0.440357413216245419E+01    0.109001418506465306E+02
    0.452728935378678143E-02    0.108873391019042657E+03    0.204258826140432070E+02    0.203930304868028073E+00    0.123125229926392010E+01   -0.498217200695034723E+01    0.146678946629267593E+02
    0.462044256300590903E-02    0.108782656799811576E+03    0.245945874715876158E+02    0.175987788711974152E+00    0.864562865172343820E+00   -0.242599402832223365E+01    0.298719549090606371E+02
    0.451517610433990746E-02    0.108778749405756457E+03    0.247679279263596399E+02    0.162908994254901324E+00    0.101950664830390170E+01   -0.353663211906005914E+01    0.287984544161416096E+02
    0.442984552183853936E-02    0.108766908361475558E+03    0.208433803015606927E+02    0.176066679114162072E+00    0.838871374106096912E+00   -0.222884013070419895E+01    0.358483475774724667E+02
    0.434223907109402597E-02    0.108756857526394924E+03    0.197217938425347334E+02    0.289217674857671414E+00    0.119543957774681409E+01   -0.472967770360230677E+01    0.998780296483761276E+01
    0.432737456585955121E-02    0.108713715741961451E+03    0.207464576970009489E+02    0.193786912485696461E+00    0.122616975488918323E+01   -0.487056819258669904E+01    0.815770684163830140E+01
    0.422220267831323846E-02    0.108712923879422206E+03    0.207222780761142289E+02    0.160256639963410136E+00    0.882484695975741196E+00   -0.235202027059026353E+01    0.227164400979129510E+02
    0.415649891404450220E-02    0.108694291561095696E+03    0.181109347200579123E+02    0.207520722000823166E+00    0.959812550042819512E+00   -0.294465168759508389E+01    0.242010934052994706E+02
    0.410228735144782183E-02    0.108670548369051644E+03    0.197252343124112102E+02    0.194291845752856657E+00    0.883714305193713856E+00   -0.252616830115625657E+01    0.270513670253093750E+02
    0.402445542927133779E-02    0.108658858577256808E+03    0.186632688272022520E+02    0.192167536382543275E+00    0.102017550418107295E+01   -0.335787006582530978E+01    0.244462577434679282E+02
    0.392613421435475222E-02    0.108658327223939651E+03    0.203720843259384523E+02    0.280544615815167486E+00    0.957903558807408406E+00   -0.313898327426469104E+01    0.138496428517518453E+02
    0.391121416731398698E-02    0.108615942077504002E+03    0.191582032090108996E+02    0.256182955977821925E+00    0.102318811550096855E+01   -0.340420628113209567E+01    0.158413081424105897E+02
    0.395828992309705391E-02    0.108542013597748181E+03    0.263635763836336281E+02    0.183193921782359492E+00    0.109313508135584425E+01   -0.421838503787498365E+01    0.192276129757678937E+02
    0.387046645578391401E-02    0.108536887724562632E+03    0.232998693867504727E+02    0.229762540431119017E+00    0.109390067255013301E+01   -0.399851088547812195E+01    0.144289495168059432E+02
    0.381028415086265629E-02    0.108518230253266907E+03    0.223451215600202673E+02    0.170310093942510732E+00    0.868405699858625368E+00   -0.245594857368249953E+01    0.254181854564156140E+02
    0.376129748406510249E-02    0.108494109839687695E+03    0.182781476689164357E+02    0.259402622744200451E+00    0.103213573792382518E+01   -0.348580734037247719E+01    0.141842428856821705E+02
    0.374661017739988736E-02    0.108451934829585340E+03    0.180119436131278476E+02    0.177110300283209177E+00    0.974574906429036991E+00   -0.295706800080809451E+01    0.236719782561659606E+02
    0.369841072336193856E-02    0.108427831400245182E+03    0.242918254196613361E+02    0.213278569161989145E+00    0.976053918230261219E+00   -0.331648156943423444E+01    0.154656833769241775E+02
    0.366125282656389875E-02    0.108398027004177891E+03    0.199755963925194031E+02    0.196096415867085982E+00    0.936541810401386510E+00   -0.277996185115702898E+01    0.171423942146999195E+02
    0.361439466510598845E-02    0.108373789005100903E+03    0.210021413995221486E+02    0.160248488056132621E+00    0.950827356520600797E+00   -0.294693534930056744E+01    0.184221745642542984E+02
    0.524089756156056238E-02    0.107630443909469633E+03    0.200815192695161393E+02    0.167038859414310431E+00    0.923331039408929799E+00   -0.260831536437209310E+01    0.253588636619619159E+02
    0.568882616806149800E-02    0.107466421598540734E+03    0.230886299939051511E+02    0.168349564657164497E+00    0.892704930198565560E+00   -0.262613011132252794E+01    0.301208693666893055E+02
    0.715532410241948719E-02    0.107007716038915234E+03    0.212074945499397884E+02    0.200441048407095923E+00    0.987703105127612391E+00   -0.327721093725286794E+01    0.227109802998181749E+02
    0.429866711244494392E-02    0.108026819455951440E+03    0.232172999611932731E+02    0.190860572158997099E+00    0.104028779091241574E+01   -0.365099461547887749E+01    0.124187470262719799E+02
    0.723309647814175151E-02    0.106986095004777169E+03    0.222266823515416796E+02    0.169623338218482966E+00    0.986573711044910651E+00   -0.326556188484643917E+01    0.212238142137461310E+02
    0.448484515927890810E-02    0.107942021515976336E+03    0.188252305088956859E+02    0.213426276561314104E+00    0.997150450964578661E+00   -0.326015744456704626E+01    0.196392935255324019E+02
    0.377906664708378822E-02    0.108284475336784510E+03    0.202465354679312064E+02    0.263976784119960672E+00    0.108935072638274311E+01   -0.409663576575545996E+01    0.151840656984304232E+02
    0.364339704267451327E-02    0.108357596457706023E+03    0.204104751983114312E+02    0.210329456832914846E+00    0.101900974614305828E+01   -0.348481084477279524E+01    0.135939241040889733E+02
    0.392378691259850053E-02    0.108209314984327833E+03    0.191062375777111697E+02    0.247647405937328313E+00    0.116748517362311044E+01   -0.436628617424997945E+01    0.112540281109973321E+02
    0.378637701939432865E-02    0.108280610196862497E+03    0.216717775164617876E+02    0.177436121892612236E+00    0.953846019772352283E+00   -0.308324008918552428E+01    0.253199377396738683E+02
    0.412528131643422839E-02    0.108109161026777358E+03    0.197604937995227097E+02    0.261544266612485865E+00    0.102966271142973809E+01   -0.360051116870385224E+01    0.127341876320789105E+02
    0.411840509580165687E-02    0.108112497506057821E+03    0.244814607989157658E+02    0.180773386032173161E+00    0.107864294021727081E+01   -0.406160904216030438E+01    0.178599847749838361E+02
    0.968869966456106790E-02    0.106401509010838467E+03    0.194625171415934730E+02    0.168069543069747973E+00    0.113895598574248802E+01   -0.407261356932519014E+01    0.151289042536202523E+02
    0.929867728421663285E-02    0.106483685132466121E+03    0.240120075731501004E+02    0.171717882399853305E+00    0.109096078251306472E+01   -0.402384264514339041E+01    0.182469394439524386E+02
    0.472179780777140252E-02    0.107839050220439375E+03    0.211161032579443599E+02    0.182524015930847605E+00    0.107443591747177614E+01   -0.388578309947266298E+01    0.201860618533946052E+02
    0.717776931234520143E-02    0.107001452149432779E+03    0.193549080089897245E+02    0.183497470250289479E+00    0.108510761005712575E+01   -0.373875399729042446E+01    0.142196183927920643E+02
    0.400257315283961135E-02    0.108169554572529549E+03    0.274682286086188725E+02    0.171942361311347297E+00    0.108952877077142340E+01   -0.416366223478549902E+01    0.167867659348380869E+02
    0.466599994239787035E-02    0.107862825135038463E+03    0.245957257312338591E+02    0.162156337095583275E+00    0.103580643095201186E+01   -0.370620208256091477E+01    0.244252929549877145E+02
    0.371067150247235671E-02    0.108321003741122453E+03    0.239423782670818177E+02    0.263155164204147196E+00    0.101894330895796692E+01   -0.372939168995043913E+01    0.166386015800882419E+02
    0.395329787711681032E-02    0.108194329185201966E+03    0.218571818464674408E+02    0.182643429060850626E+00    0.925466241326835637E+00   -0.289713574610782665E+01    0.269048211265788026E+02
    0.670772267820261142E-02    0.107136910455233121E+03    0.228560627748853733E+02    0.184713290318646028E+00    0.102777034616474672E+01   -0.351112146465201747E+01    0.227992885783480403E+02
    0.897515696127732139E-02    0.106554508611660552E+03    0.238845981095888682E+02    0.163019608016389261E+00    0.117654423544142173E+01   -0.461608864427020560E+01    0.158096039460316398E+02
    0.491630904765904056E-02    0.107758313346740849E+03    0.233279812623731928E+02    0.236067149675546178E+00    0.109577529590580292E+01   -0.420425296505777624E+01    0.154340262610554220E+02
    0.464431622804816098E-02    0.107872141146722171E+03    0.239061328823441208E+02    0.220620735227229248E+00    0.106708134347220529E+01   -0.394666547069777351E+01    0.188624085373889727E+02
    0.532800861485075924E-02    0.107597474357270386E+03    0.199300949125214686E+02    0.171702380203472532E+00    0.115192924735879276E+01   -0.413744475121869382E+01    0.185306513033302203E+02
    0.370769285671340059E-02    0.108322609834204329E+03    0.231838696219966636E+02    0.168184124456738443E+00    0.120660271405906983E+01   -0.485853272319070939E+01    0.179261724810369039E+02
    0.393566710524483228E-02    0.108203268660159438E+03    0.185967830284034434E+02    0.160140570536004084E+00    0.970422377865323038E+00   -0.284655059345085393E+01    0.262254346720933391E+02
    0.615429419985582312E-02    0.107309129293469624E+03    0.213750787397193847E+02    0.242401283387388367E+00    0.116440528367687524E+01   -0.450333360772086344E+01    0.113782533824707492E+02
    0.891795743761956972E-02    0.106567295590433815E+03    0.221273827467075392E+02    0.192609112401453453E+00    0.101800603900243769E+01   -0.346701911766990234E+01    0.175166221048253234E+02
    0.403168694816866471E-02    0.108155059685683710E+03    0.214798953279864762E+02    0.273213527762544373E+00    0.918846297014101920E+00   -0.291029204762026339E+01    0.197468600312428890E+02
    0.486351618632581504E-02    0.107779906114657308E+03    0.196171968305948816E+02    0.211772913890000414E+00    0.119326661606721784E+01   -0.451432750082572376E+01    0.923760008065694649E+01
    0.564857925421908321E-02    0.107480621349333049E+03    0.223018057106005259E+02    0.213370180676302063E+00    0.930995053575596532E+00   -0.292660735617403667E+01    0.203504288077969591E+02
    0.370085544320286099E-02    0.108326301469960768E+03    0.218990213222235219E+02    0.203961498344478548E+00    0.108233259381245617E+01   -0.384602920976843388E+01    0.102413937776289927E+02
    0.570357882123609470E-02    0.107461241775163771E+03    0.209514498882797611E+02    0.259052854739797112E+00    0.109341665860115511E+01   -0.407799576776069905E+01    0.138600851475523292E+02
    0.444712443618931405E-02    0.107958914071166816E+03    0.211074984013396119E+02    0.160856466374971779E+00    0.927817915783769820E+00   -0.277445658121349625E+01    0.343948813765569028E+02
    0.367707607247273055E-02    0.108339193675869723E+03    0.246472656587325183E+02    0.215774793562741735E+00    0.916290186784330607E+00   -0.289928317733396268E+01    0.221717751809800561E+02
    0.660548956684145656E-02    0.107167627345807503E+03    0.239910156172057540E+02    0.162928327950867480E+00    0.958200932903521929E+00   -0.303181767253875023E+01    0.207690480066807588E+02
    0.527617283215925815E-02    0.107617027472549140E+03    0.262161583016033291E+02    0.185169278201928938E+00    0.116208168109388432E+01   -0.463211222013095103E+01    0.136773569544479194E+02
    0.366797564283917552E-02    0.108344149629697128E+03    0.220641982187002519E+02    0.254867088378710749E+00    0.883360096213147372E+00   -0.271634870423123598E+01    0.234157426146298775E+02
    0.486407259387417867E-02    0.107779677318986970E+03    0.238367689040462736E+02    0.201858933616600650E+00    0.106836385296389724E+01   -0.398778442044755010E+01    0.187892090947958792E+02
