 5.265       0.50      0.69
 5.412       2.43      0.92
 5.510       3.96      0.56
 5.658       6.32      0.78
 5.729       7.19      0.65
 5.805      10.15      0.98
 5.854       9.81      0.81
 5.952      15.25      0.81
 6.001      22.77      1.05
 6.050      20.61      1.00
 6.123      26.61      1.13
 6.148      27.53      1.17
 6.246      31.07      1.24
 6.369      35.13      1.34
 6.442      37.41      1.61
 6.736      47.89      0.77
 6.982      58.95      1.06
 7.227      65.25      0.73
 7.472      75.56      1.63
 7.717      85.62      0.75
 7.962     102.58      1.02
 8.208     113.97      1.59
 8.453     140.49      1.50
 8.698     164.45      1.67
 8.943     194.04      1.27
 9.188     235.86      4.06
 9.434     302.20      2.12
 9.679     354.40      6.05
 9.924     451.71      2.56
10.414     626.66      3.01
10.537     638.20      6.32
10.782     686.95      7.32
10.905     690.76      8.32
11.027     704.54      7.33
11.273     714.95      9.09
11.395     750.76     11.73
11.518     724.26      8.91
11.763     760.32      8.75
11.886     803.04     11.86
12.008     802.58      9.41
12.253     852.78      9.62
12.376     871.04      9.04
12.499     930.45     10.21
12.744     977.93      8.73
12.866    1021.52     14.35
12.989    1078.28      9.45
13.234    1175.63     11.07
13.357    1122.44     14.71
13.479    1156.60     27.05
13.847    1204.24     10.69
14.338    1221.81     15.13
14.828    1184.40     16.34
15.318     986.00     12.80
15.809     858.05     19.22
16.299     687.50     19.73
16.790     582.28     13.65
17.280     556.44     18.24
17.770     479.56     18.76
18.261     414.75     13.59