 5.30         .40       .55
 5.45        1.94       .73
 5.55        3.17       .44
 5.7         5.06       .62
 5.77        5.76       .52
 5.84        8.13       .78
 5.89        7.86       .64
 5.99       12.22       .64
 6.04       18.25       .84
 6.09       16.51       .80
 6.16       21.32       .90
 6.19       22.06       .93
 6.28       24.9        .99
 6.41       28.15      1.07
 6.48       29.98      1.29
 6.77       38.37       .61
 7.02       47.24       .84
 7.26       52.28       .58
 7.51       60.55      1.30
 7.75       68.61       .60
 8.00       82.2        .81
 8.25       91.32      1.27
 8.49      112.6       1.20
 8.74      131.8       1.33
 8.98      155.5       1.01
 9.23      189.        3.25
 9.47      242.2       1.69
 9.72      284.        4.84
 9.96      362.        2.05
10.46      502.1       2.41
10.58      511.4       5.06
10.82      550.5       5.86
10.95      553.5       6.66
11.07      564.5       5.87
11.32      572.9       7.28
11.44      601.6       9.39
11.56      580.3       7.14
11.81      609.2       7.01
11.93      643.5       9.50
12.05      643.1       7.54
12.3       683.3       7.70
12.42      698.        7.24
12.54      745.6       8.18
12.79      783.6       6.99
12.91      818.5      11.5 
13.03      864.        7.57
13.28      942.        8.87
13.4       899.4      11.79
13.52      926.8      21.68
13.89      965.        8.56
14.38      979.       12.12
14.87      949.1      13.09
15.36      790.1      10.26
15.85      687.6      15.4 
16.34      550.9      15.81
16.83      466.6      10.94
17.32      445.9      14.62
17.81      384.3      15.03
18.3       332.3      10.89