0.1	5.54875e-10	8.79587e-09	9.35074e-09	0	9.19781e-11	9.12849e-11	1.83263e-10	2.92917e-10	4.32097e-11	3.36127e-10	5.68493e-09	3.80961e-11	5.72302e-09	1.32935e-08
0.2	1.11134e-09	8.89809e-09	1.00094e-08	0	1.86753e-10	1.84247e-10	3.71e-10	5.94189e-10	8.71373e-11	6.81327e-10	1.13865e-08	7.68313e-11	1.14633e-08	1.35495e-08
0.3	1.67101e-09	9.00792e-09	1.06789e-08	0	2.87331e-10	2.80636e-10	5.67967e-10	9.12721e-10	1.3253e-10	1.04525e-09	1.71215e-08	1.16871e-10	1.72384e-08	1.39766e-08
0.4	2.2355e-09	9.12917e-09	1.13647e-08	0	3.97159e-10	3.82356e-10	7.79515e-10	1.25858e-09	1.80195e-10	1.43877e-09	2.29069e-08	1.58936e-10	2.30658e-08	1.45756e-08
0.5	2.80649e-09	9.2657e-09	1.20722e-08	0	5.20428e-10	4.91557e-10	1.01198e-09	1.64373e-09	2.31038e-10	1.87476e-09	2.87601e-08	2.03835e-10	2.89639e-08	1.53471e-08
0.6	3.3857e-09	9.42139e-09	1.28071e-08	0	6.62475e-10	6.10744e-10	1.27322e-09	2.08299e-09	2.86105e-10	2.36909e-09	3.46989e-08	2.52504e-10	3.49514e-08	1.62925e-08
0.7	3.97491e-09	9.6002e-09	1.35751e-08	0	8.3038e-10	7.42921e-10	1.5733e-09	2.59535e-09	3.46635e-10	2.94198e-09	4.07417e-08	3.06059e-10	4.10478e-08	1.74132e-08
0.8	4.576e-09	9.80613e-09	1.43821e-08	0	1.03385e-09	8.91779e-10	1.92563e-09	3.2057e-09	4.14141e-10	3.61984e-09	4.69079e-08	3.65862e-10	4.72737e-08	1.87108e-08
0.9	5.19093e-09	1.00433e-08	1.52342e-08	0	1.28661e-09	1.06195e-09	2.34855e-09	3.94737e-09	4.90498e-10	4.43786e-09	5.32173e-08	4.3361e-10	5.36509e-08	2.01873e-08
1	5.82179e-09	1.03157e-08	1.61375e-08	0	1.60862e-09	1.25933e-09	2.86795e-09	4.86544e-09	5.78081e-10	5.44352e-09	5.96913e-08	5.11464e-10	6.02028e-08	2.18449e-08
1.1	6.47081e-09	1.06278e-08	1.70986e-08	0	2.02975e-09	1.49161e-09	3.52136e-09	6.02112e-09	6.79958e-10	6.70108e-09	6.63522e-08	6.02228e-10	6.69544e-08	2.36863e-08
1.2	7.14037e-09	1.09838e-08	1.81242e-08	0	2.59582e-09	1.76889e-09	4.36471e-09	7.49651e-09	8.00149e-10	8.29666e-09	7.32238e-08	7.09606e-10	7.39334e-08	2.57141e-08
1.3	7.83305e-09	1.13883e-08	1.92213e-08	0	3.37866e-09	2.10466e-09	5.48333e-09	9.39722e-09	9.44029e-10	1.03413e-08	8.03315e-08	8.38582e-10	8.11701e-08	2.79316e-08
1.4	8.55165e-09	1.18458e-08	2.03974e-08	0	4.49205e-09	2.51716e-09	7.00921e-09	1.18449e-08	1.1189e-09	1.29638e-08	8.77028e-08	9.96004e-10	8.86988e-08	3.03421e-08
1.5	9.29922e-09	1.23611e-08	2.16603e-08	0	6.11213e-09	3.03123e-09	9.14336e-09	1.49386e-08	1.33488e-09	1.62734e-08	9.53669e-08	1.19146e-09	9.65584e-08	3.29494e-08
1.6	1.00791e-08	1.2939e-08	2.30181e-08	0	8.48119e-09	3.68079e-09	1.2162e-08	1.8645e-08	1.60622e-09	2.02513e-08	1.03356e-07	1.43871e-09	1.04795e-07	3.57577e-08
1.7	1.0895e-08	1.35848e-08	2.44798e-08	0	1.179e-08	4.51188e-09	1.63018e-08	2.2581e-08	1.95342e-09	2.45344e-08	1.11704e-07	1.75791e-09	1.13462e-07	3.87712e-08
1.8	1.17509e-08	1.43036e-08	2.60545e-08	0	1.56496e-08	5.58518e-09	2.12348e-08	2.58016e-08	2.4065e-09	2.82081e-08	1.20449e-07	2.1794e-09	1.22629e-07	4.19949e-08
1.9	1.26514e-08	1.51009e-08	2.77523e-08	0	1.82145e-08	6.97495e-09	2.51894e-08	2.70479e-08	3.00998e-09	3.00578e-08	1.29633e-07	2.74991e-09	1.32383e-07	4.54339e-08
2	1.36016e-08	1.59824e-08	2.9584e-08	0	1.7327e-08	8.75507e-09	2.60821e-08	2.57116e-08	3.83048e-09	2.9542e-08	1.393e-07	3.54313e-09	1.42843e-07	4.90937e-08
2.1	1.46072e-08	1.69541e-08	3.15613e-08	0	1.38251e-08	1.09519e-08	2.4777e-08	2.24614e-08	4.96616e-09	2.74275e-08	1.49501e-07	4.6767e-09	1.54177e-07	5.29803e-08
2.2	1.56745e-08	1.80221e-08	3.36966e-08	0	1.01175e-08	1.34344e-08	2.35519e-08	1.85597e-08	6.55247e-09	2.51122e-08	1.60289e-07	6.33558e-09	1.66625e-07	5.71001e-08
2.3	1.68109e-08	1.91929e-08	3.60038e-08	0	7.27929e-09	1.57565e-08	2.30358e-08	1.49217e-08	8.73781e-09	2.36595e-08	1.71727e-07	8.78339e-09	1.8051e-07	6.14599e-08
2.4	1.80246e-08	2.04734e-08	3.8498e-08	0	5.31513e-09	1.71486e-08	2.24637e-08	1.1906e-08	1.15484e-08	2.34544e-08	1.8388e-07	1.22602e-08	1.96141e-07	6.6067e-08
2.5	1.93251e-08	2.18706e-08	4.11957e-08	0	3.97814e-09	1.69672e-08	2.09453e-08	9.53477e-09	1.45184e-08	2.40531e-08	1.96825e-07	1.64531e-08	2.13278e-07	7.09293e-08
2.6	2.07233e-08	2.3392e-08	4.41154e-08	0	3.05491e-09	1.53077e-08	1.83626e-08	7.70621e-09	1.63403e-08	2.40465e-08	2.10645e-07	1.94651e-08	2.3011e-07	7.6055e-08
2.7	2.2232e-08	2.50455e-08	4.72775e-08	0	2.40186e-09	1.29033e-08	1.53051e-08	6.29948e-09	1.5747e-08	2.20464e-08	2.25432e-07	1.87633e-08	2.44195e-07	8.1453e-08
2.8	2.38657e-08	2.68393e-08	5.07051e-08	0	1.92789e-09	1.04716e-08	1.23995e-08	5.2107e-09	1.31935e-08	1.84042e-08	2.41292e-07	1.50281e-08	2.5632e-07	8.71329e-08
2.9	2.56418e-08	2.87822e-08	5.4424e-08	0	1.57542e-09	8.37691e-09	9.95234e-09	4.35956e-09	1.01929e-08	1.45524e-08	2.58341e-07	1.09701e-08	2.69311e-07	9.31046e-08
3	2.75806e-08	3.08832e-08	5.84639e-08	0	1.30745e-09	6.7019e-09	8.00935e-09	3.68652e-09	7.662e-09	1.13485e-08	2.76713e-07	7.86036e-09	2.84573e-07	9.9379e-08
3.1	2.97062e-08	3.31523e-08	6.28585e-08	0	1.09968e-09	5.40276e-09	6.50244e-09	3.14802e-09	5.77661e-09	8.92463e-09	2.96555e-07	5.7194e-09	3.02274e-07	1.05967e-07
3.2	3.20475e-08	3.55995e-08	6.7647e-08	0	9.35757e-10	4.40313e-09	5.33889e-09	2.7122e-09	4.42435e-09	7.13655e-09	3.18035e-07	4.27052e-09	3.22306e-07	1.12882e-07
3.3	3.46393e-08	3.82358e-08	7.2875e-08	0	8.04421e-10	3.63134e-09	4.43576e-09	2.35564e-09	3.45561e-09	5.81124e-09	3.41344e-07	3.27504e-09	3.44619e-07	1.20136e-07
3.4	3.75238e-08	4.10727e-08	7.85965e-08	0	6.9775e-10	3.03019e-09	3.72794e-09	2.06096e-09	2.75211e-09	4.81307e-09	3.66698e-07	2.57367e-09	3.69272e-07	1.27742e-07
3.5	4.0753e-08	4.41224e-08	8.48754e-08	0	6.10054e-10	2.55669e-09	3.16674e-09	1.81514e-09	2.23158e-09	4.04672e-09	3.94341e-07	2.06616e-09	3.96407e-07	1.35717e-07
3.6	4.43911e-08	4.73979e-08	9.1789e-08	0	5.37173e-10	2.17931e-09	2.71648e-09	1.6083e-09	1.8388e-09	3.4471e-09	4.2455e-07	1.68957e-09	4.26239e-07	1.44074e-07
3.7	4.85186e-08	5.0913e-08	9.94316e-08	0	4.76011e-10	1.87498e-09	2.35099e-09	1.43287e-09	1.53678e-09	2.96965e-09	4.57642e-07	1.4037e-09	4.59045e-07	1.52832e-07
3.8	5.32374e-08	5.46823e-08	1.0792e-07	0	4.24233e-10	1.62681e-09	2.05105e-09	1.283e-09	1.30046e-09	2.58346e-09	4.93975e-07	1.18227e-09	4.95157e-07	1.62007e-07
3.9	5.86782e-08	5.87216e-08	1.174e-07	0	3.80052e-10	1.42231e-09	1.80236e-09	1.15409e-09	1.11262e-09	2.26671e-09	5.33958e-07	1.00767e-09	5.34966e-07	1.71619e-07
4	6.50107e-08	6.30473e-08	1.28058e-07	0	3.42079e-10	1.25214e-09	1.59422e-09	1.04252e-09	9.61178e-10	2.0037e-09	5.78054e-07	8.67817e-10	5.78922e-07	1.81688e-07
4.1	7.24588e-08	6.76774e-08	1.40136e-07	0	3.09228e-10	1.10926e-09	1.41849e-09	9.45414e-10	8.37505e-10	1.78292e-09	6.26786e-07	7.54214e-10	6.2754e-07	1.92234e-07
4.2	8.13224e-08	7.26309e-08	1.53953e-07	0	2.80636e-10	9.88308e-10	1.26894e-09	8.60437e-10	7.35345e-10	1.59578e-09	6.80745e-07	6.60788e-10	6.81406e-07	2.03282e-07
4.3	9.20102e-08	7.7928e-08	1.69938e-07	0	2.55615e-10	8.8513e-10	1.14074e-09	7.8571e-10	6.50079e-10	1.43579e-09	7.40592e-07	5.83102e-10	7.41175e-07	2.14856e-07
4.4	1.05089e-07	8.35906e-08	1.8868e-07	0	2.33606e-10	7.96498e-10	1.0301e-09	7.19697e-10	5.78246e-10	1.29794e-09	8.07059e-07	5.1786e-10	8.07577e-07	2.26982e-07
4.5	1.21361e-07	8.96418e-08	2.11002e-07	0	2.14156e-10	7.19869e-10	9.34024e-10	6.61132e-10	5.17215e-10	1.17835e-09	8.80948e-07	4.6258e-10	8.81411e-07	2.39687e-07
4.6	1.41979e-07	9.61068e-08	2.38086e-07	0	1.96892e-10	6.53222e-10	8.50114e-10	6.08969e-10	4.64963e-10	1.07393e-09	9.63118e-07	4.15361e-10	9.63533e-07	2.53002e-07
4.7	1.68639e-07	1.03012e-07	2.71651e-07	0	1.81506e-10	5.94939e-10	7.76445e-10	5.62334e-10	4.19912e-10	9.82246e-10	1.05446e-06	3.74733e-10	1.05483e-06	2.66959e-07
4.8	2.03856e-07	1.10387e-07	3.14243e-07	0	1.67744e-10	5.43708e-10	7.11452e-10	5.20497e-10	3.8082e-10	9.01318e-10	1.15585e-06	3.39541e-10	1.15619e-06	2.81592e-07
4.9	2.51373e-07	1.18263e-07	3.69636e-07	0	1.55389e-10	4.98464e-10	6.53853e-10	4.82842e-10	3.467e-10	8.29541e-10	1.26809e-06	3.08872e-10	1.2684e-06	2.96937e-07
5	3.16613e-07	1.26672e-07	4.43285e-07	0	1.44261e-10	4.58331e-10	6.02592e-10	4.48846e-10	3.16756e-10	7.65602e-10	1.39178e-06	2.81995e-10	1.39206e-06	3.13035e-07
5.1	4.06648e-07	1.35651e-07	5.42299e-07	0	1.34208e-10	4.22585e-10	5.56793e-10	4.18065e-10	2.90347e-10	7.08412e-10	1.52715e-06	2.5832e-10	1.52741e-06	3.29927e-07
5.2	5.27683e-07	1.45239e-07	6.72923e-07	0	1.25099e-10	3.90625e-10	5.15724e-10	3.90119e-10	2.66948e-10	6.57067e-10	1.67386e-06	2.37365e-10	1.6741e-06	3.47659e-07
5.3	6.74871e-07	1.55478e-07	8.30349e-07	0	1.16823e-10	3.61947e-10	4.78771e-10	3.64682e-10	2.46126e-10	6.10808e-10	1.83067e-06	2.18738e-10	1.83089e-06	3.66279e-07
5.4	8.111e-07	1.66413e-07	9.77513e-07	0	1.09285e-10	3.36129e-10	4.45414e-10	3.41472e-10	2.27523e-10	5.68995e-10	1.9951e-06	2.02111e-10	1.9953e-06	3.85841e-07
5.5	8.64817e-07	1.78094e-07	1.04291e-06	0	1.02402e-10	3.12811e-10	4.15213e-10	3.20244e-10	2.10842e-10	5.31086e-10	2.16308e-06	1.87213e-10	2.16327e-06	4.064e-07
5.6	8.00833e-07	1.90574e-07	9.91407e-07	0	9.61023e-11	2.9169e-10	3.87792e-10	3.00788e-10	1.95832e-10	4.9662e-10	2.32869e-06	1.73818e-10	2.32887e-06	4.28018e-07
5.7	6.71067e-07	2.03911e-07	8.74979e-07	0	9.03242e-11	2.72504e-10	3.62828e-10	2.82917e-10	1.82281e-10	4.65198e-10	2.48414e-06	1.61733e-10	2.4843e-06	4.50761e-07
5.8	5.4308e-07	2.18168e-07	7.61248e-07	0	8.50134e-11	2.55031e-10	3.40044e-10	2.66472e-10	1.7001e-10	4.36482e-10	2.62016e-06	1.50796e-10	2.62031e-06	4.747e-07
5.9	4.45248e-07	2.33414e-07	6.78662e-07	0	8.01225e-11	2.39078e-10	3.192e-10	2.51308e-10	1.58867e-10	4.10175e-10	2.72696e-06	1.4087e-10	2.7271e-06	4.99911e-07
6	3.78812e-07	2.49724e-07	6.28536e-07	0	7.561e-11	2.24478e-10	3.00088e-10	2.37301e-10	1.48721e-10	3.86022e-10	2.79571e-06	1.31837e-10	2.79584e-06	5.26478e-07
6.1	3.37309e-07	2.67178e-07	6.04488e-07	0	7.1439e-11	2.11088e-10	2.82526e-10	2.24342e-10	1.39458e-10	3.63799e-10	2.82015e-06	1.23594e-10	2.82027e-06	5.54491e-07
6.2	3.14469e-07	2.85867e-07	6.00336e-07	0	6.75771e-11	1.9878e-10	2.66357e-10	2.1233e-10	1.30981e-10	3.43312e-10	2.79797e-06	1.16054e-10	2.79808e-06	5.84048e-07
6.3	3.05868e-07	3.05888e-07	6.11757e-07	0	6.39956e-11	1.87444e-10	2.5144e-10	2.01181e-10	1.23207e-10	3.24388e-10	2.73134e-06	1.09142e-10	2.73145e-06	6.15256e-07
6.4	3.08772e-07	3.27348e-07	6.3612e-07	0	6.0669e-11	1.76985e-10	2.37654e-10	1.90816e-10	1.16061e-10	3.06878e-10	2.6264e-06	1.02791e-10	2.6265e-06	6.48229e-07
6.5	3.21668e-07	3.50363e-07	6.72031e-07	0	5.75746e-11	1.67316e-10	2.2489e-10	1.81167e-10	1.0948e-10	2.90647e-10	2.49194e-06	9.69432e-11	2.49203e-06	6.83094e-07
6.6	3.43863e-07	3.75063e-07	7.18926e-07	0	5.46919e-11	1.58362e-10	2.13053e-10	1.7217e-10	1.03407e-10	2.75577e-10	2.33772e-06	9.15488e-11	2.33782e-06	7.19988e-07
6.7	3.75137e-07	4.0159e-07	7.76727e-07	0	5.20029e-11	1.50056e-10	2.02059e-10	1.63773e-10	9.77914e-11	2.61564e-10	2.17306e-06	8.65631e-11	2.17315e-06	7.59061e-07
6.8	4.1539e-07	4.30099e-07	8.4549e-07	0	4.94912e-11	1.4234e-10	1.91831e-10	1.55923e-10	9.25909e-11	2.48514e-10	2.00581e-06	8.19468e-11	2.00589e-06	8.00476e-07
6.9	4.64185e-07	4.60764e-07	9.24949e-07	0	4.71421e-11	1.3516e-10	1.82302e-10	1.48577e-10	8.77663e-11	2.36344e-10	1.84195e-06	7.76654e-11	1.84203e-06	8.44413e-07
7	5.20096e-07	4.93774e-07	1.01387e-06	0	4.49426e-11	1.2847e-10	1.73413e-10	1.41694e-10	8.32833e-11	2.24978e-10	1.68562e-06	7.3688e-11	1.68569e-06	8.91067e-07
7.1	5.79894e-07	5.2934e-07	1.10923e-06	0	4.28806e-11	1.22228e-10	1.65108e-10	1.35238e-10	7.91112e-11	2.1435e-10	1.53932e-06	6.99875e-11	1.53939e-06	9.40654e-07
7.2	6.37813e-07	5.67696e-07	1.20551e-06	0	4.09453e-11	1.16395e-10	1.5734e-10	1.29176e-10	7.52229e-11	2.04399e-10	1.40434e-06	6.65394e-11	1.40441e-06	9.9341e-07
7.3	6.85586e-07	6.09101e-07	1.29469e-06	0	3.91271e-11	1.10938e-10	1.50065e-10	1.23477e-10	7.15939e-11	1.9507e-10	1.28106e-06	6.33219e-11	1.28112e-06	1.04959e-06
7.4	7.14078e-07	6.53843e-07	1.36792e-06	0	3.7417e-11	1.05827e-10	1.43244e-10	1.18114e-10	6.82023e-11	1.86316e-10	1.16925e-06	6.03156e-11	1.16931e-06	1.10949e-06
7.5	7.16549e-07	7.02244e-07	1.41879e-06	0	3.5807e-11	1.01033e-10	1.3684e-10	1.13062e-10	6.50286e-11	1.78091e-10	1.06831e-06	5.75029e-11	1.06837e-06	1.17342e-06
7.6	6.91818e-07	7.5466e-07	1.44648e-06	0	3.42897e-11	9.6533e-11	1.30823e-10	1.083e-10	6.20551e-11	1.70355e-10	9.77461e-07	5.48681e-11	9.77516e-07	1.24173e-06
7.7	6.4484e-07	8.1149e-07	1.45633e-06	0	3.28585e-11	9.2303e-11	1.25161e-10	1.03805e-10	5.92657e-11	1.63071e-10	8.95823e-07	5.23969e-11	8.95875e-07	1.31481e-06
7.8	5.84194e-07	8.73181e-07	1.45737e-06	0	3.15072e-11	8.83229e-11	1.1983e-10	9.956e-11	5.66462e-11	1.56206e-10	8.22504e-07	5.00765e-11	8.22554e-07	1.39307e-06
7.9	5.18558e-07	9.40231e-07	1.45879e-06	0	3.02303e-11	8.45742e-11	1.14804e-10	9.55468e-11	5.41834e-11	1.4973e-10	7.56646e-07	4.78953e-11	7.56694e-07	1.47699e-06
8	4.54423e-07	1.0132e-06	1.46762e-06	0	2.90226e-11	8.10399e-11	1.10062e-10	9.17498e-11	5.18655e-11	1.43615e-10	6.97445e-07	4.58427e-11	6.97491e-07	1.5671e-06
8.1	3.95569e-07	1.09271e-06	1.48827e-06	0	2.78794e-11	7.77046e-11	1.05584e-10	8.81543e-11	4.96817e-11	1.37836e-10	6.44168e-07	4.39091e-11	6.44212e-07	1.66397e-06
8.2	3.436e-07	1.17946e-06	1.52306e-06	0	2.67965e-11	7.45543e-11	1.01351e-10	8.4747e-11	4.76223e-11	1.32369e-10	5.96151e-07	4.20859e-11	5.96193e-07	1.76825e-06
8.3	2.98743e-07	1.27423e-06	1.57298e-06	0	2.57698e-11	7.15759e-11	9.73457e-11	8.15156e-11	4.56783e-11	1.27194e-10	5.52803e-07	4.03651e-11	5.52843e-07	1.88064e-06
8.4	2.60506e-07	1.37791e-06	1.63842e-06	0	2.47957e-11	6.87577e-11	9.35534e-11	7.84487e-11	4.38416e-11	1.2229e-10	5.13598e-07	3.87394e-11	5.13637e-07	2.00194e-06
8.5	2.28097e-07	1.49148e-06	1.71958e-06	0	2.38708e-11	6.60889e-11	8.99596e-11	7.55358e-11	4.21046e-11	1.1764e-10	4.78074e-07	3.72022e-11	4.78111e-07	2.13302e-06
8.6	2.00668e-07	1.61603e-06	1.8167e-06	0	2.2992e-11	6.35594e-11	8.65514e-11	7.27674e-11	4.04605e-11	1.13228e-10	4.45821e-07	3.57474e-11	4.45857e-07	2.27486e-06
8.7	1.77422e-07	1.75279e-06	1.93022e-06	0	2.21564e-11	6.11602e-11	8.33166e-11	7.01344e-11	3.89031e-11	1.09038e-10	4.1648e-07	3.43694e-11	4.16514e-07	2.42853e-06
8.8	1.57662e-07	1.90311e-06	2.06077e-06	0	2.13615e-11	5.88828e-11	8.02442e-11	6.76286e-11	3.74267e-11	1.05055e-10	3.89733e-07	3.30632e-11	3.89767e-07	2.5952e-06
8.9	1.40796e-07	2.06848e-06	2.20927e-06	0	2.06046e-11	5.67194e-11	7.7324e-11	6.52422e-11	3.60258e-11	1.01268e-10	3.65305e-07	3.1824e-11	3.65337e-07	2.77618e-06
9	1.26333e-07	2.25053e-06	2.37686e-06	0	1.98835e-11	5.46629e-11	7.45464e-11	6.29682e-11	3.46957e-11	9.76639e-11	3.4295e-07	3.06474e-11	3.4298e-07	2.97287e-06
9.1	1.13869e-07	2.45103e-06	2.5649e-06	0	1.91961e-11	5.27066e-11	7.19027e-11	6.08e-11	3.34318e-11	9.42318e-11	3.22452e-07	2.95295e-11	3.22481e-07	3.18682e-06
9.2	1.03074e-07	2.67185e-06	2.77493e-06	0	1.85405e-11	5.08444e-11	6.93849e-11	5.87314e-11	3.22299e-11	9.09613e-11	3.03622e-07	2.84666e-11	3.03651e-07	3.41967e-06
9.3	9.3679e-08	2.91496e-06	3.00864e-06	0	1.79148e-11	4.90705e-11	6.69853e-11	5.67566e-11	3.10863e-11	8.7843e-11	2.86294e-07	2.74553e-11	2.86321e-07	3.67316e-06
9.4	8.54616e-08	3.18233e-06	3.26779e-06	0	1.73173e-11	4.73798e-11	6.46971e-11	5.48705e-11	2.99974e-11	8.48679e-11	2.70317e-07	2.64924e-11	2.70344e-07	3.94909e-06
9.5	7.82408e-08	3.47584e-06	3.55408e-06	0	1.67463e-11	4.57673e-11	6.25136e-11	5.30679e-11	2.89599e-11	8.20278e-11	2.55563e-07	2.5575e-11	2.55588e-07	4.24928e-06
9.6	7.18673e-08	3.79719e-06	3.86905e-06	0	1.62005e-11	4.42285e-11	6.0429e-11	5.13443e-11	2.79707e-11	7.93149e-11	2.41913e-07	2.47004e-11	2.41938e-07	4.57548e-06
9.7	6.62174e-08	4.14762e-06	4.21384e-06	0	1.56785e-11	4.27592e-11	5.84376e-11	4.96953e-11	2.70269e-11	7.67223e-11	2.29266e-07	2.38661e-11	2.2929e-07	4.9293e-06
9.8	6.11885e-08	4.52772e-06	4.58891e-06	0	1.51788e-11	4.13553e-11	5.65342e-11	4.8117e-11	2.61261e-11	7.42431e-11	2.17528e-07	2.30697e-11	2.17552e-07	5.312e-06
9.9	5.66952e-08	4.93706e-06	4.99376e-06	0	1.47005e-11	4.00133e-11	5.47138e-11	4.66055e-11	2.52656e-11	7.18712e-11	2.06619e-07	2.23091e-11	2.06641e-07	5.72432e-06
10	5.26655e-08	5.37378e-06	5.42644e-06	0	1.42422e-11	3.87298e-11	5.2972e-11	4.51573e-11	2.44433e-11	6.96006e-11	1.96464e-07	2.15823e-11	1.96485e-07	6.1662e-06
10.1	4.90392e-08	5.83413e-06	5.88317e-06	0	1.3803e-11	3.75014e-11	5.13045e-11	4.37691e-11	2.3657e-11	6.74261e-11	1.86998e-07	2.08873e-11	1.87018e-07	6.63647e-06
10.2	4.57651e-08	6.3121e-06	6.35787e-06	0	1.33819e-11	3.63254e-11	4.97072e-11	4.24378e-11	2.29047e-11	6.53425e-11	1.78161e-07	2.02224e-11	1.78182e-07	7.13246e-06
10.3	4.27997e-08	6.79906e-06	6.84186e-06	0	1.29779e-11	3.51987e-11	4.81766e-11	4.11605e-11	2.21846e-11	6.3345e-11	1.69902e-07	1.9586e-11	1.69922e-07	7.64959e-06
10.4	4.01062e-08	7.2837e-06	7.3238e-06	0	1.25902e-11	3.41189e-11	4.67091e-11	3.99344e-11	2.14949e-11	6.14293e-11	1.62173e-07	1.89765e-11	1.62192e-07	8.18102e-06
10.5	3.76526e-08	7.75236e-06	7.79001e-06	0	1.22179e-11	3.30836e-11	4.53015e-11	3.8757e-11	2.0834e-11	5.9591e-11	1.5493e-07	1.83926e-11	1.54948e-07	8.7174e-06
10.6	3.54117e-08	8.18988e-06	8.22529e-06	0	1.18603e-11	3.20903e-11	4.39506e-11	3.76258e-11	2.02004e-11	5.78262e-11	1.48135e-07	1.78327e-11	1.48152e-07	9.24684e-06
10.7	3.33599e-08	8.58092e-06	8.61428e-06	0	1.15167e-11	3.1137e-11	4.26537e-11	3.65386e-11	1.95928e-11	5.61314e-11	1.41752e-07	1.72958e-11	1.41769e-07	9.75528e-06
10.8	3.14768e-08	8.91172e-06	8.94319e-06	0	1.11863e-11	3.02217e-11	4.1408e-11	3.54933e-11	1.90096e-11	5.4503e-11	1.35751e-07	1.67806e-11	1.35767e-07	1.02272e-05
10.9	2.97445e-08	9.17187e-06	9.20161e-06	0	1.08686e-11	2.93424e-11	4.02109e-11	3.44879e-11	1.84498e-11	5.29377e-11	1.30101e-07	1.6286e-11	1.30117e-07	1.06471e-05
11	2.81477e-08	9.35583e-06	9.38398e-06	0	1.05629e-11	2.84973e-11	3.90602e-11	3.35204e-11	1.79121e-11	5.14325e-11	1.24777e-07	1.5811e-11	1.24793e-07	1.10007e-05
11.1	2.66725e-08	9.46367e-06	9.49034e-06	0	1.02687e-11	2.76849e-11	3.79535e-11	3.2589e-11	1.73955e-11	4.99845e-11	1.19755e-07	1.53546e-11	1.19771e-07	1.12773e-05
11.2	2.53072e-08	9.5009e-06	9.5262e-06	0	9.98534e-12	2.69035e-11	3.68888e-11	3.16921e-11	1.68989e-11	4.8591e-11	1.15014e-07	1.49159e-11	1.15029e-07	1.14704e-05
11.3	2.40412e-08	9.47755e-06	9.50159e-06	0	9.71245e-12	2.61516e-11	3.5864e-11	3.08281e-11	1.64212e-11	4.72494e-11	1.10532e-07	1.4494e-11	1.10547e-07	1.15796e-05
11.4	2.28652e-08	9.40667e-06	9.42954e-06	0	9.44951e-12	2.54278e-11	3.48773e-11	2.99955e-11	1.59618e-11	4.59573e-11	1.06293e-07	1.40881e-11	1.06307e-07	1.16097e-05
11.5	2.17708e-08	9.30266e-06	9.32443e-06	0	9.19604e-12	2.47309e-11	3.39269e-11	2.91929e-11	1.55195e-11	4.47124e-11	1.02279e-07	1.36975e-11	1.02293e-07	1.15707e-05
11.6	2.07509e-08	9.17979e-06	9.20054e-06	0	8.95164e-12	2.40595e-11	3.30112e-11	2.84188e-11	1.50937e-11	4.35125e-11	9.84753e-08	1.33214e-11	9.84886e-08	1.14757e-05
11.7	1.97988e-08	9.05118e-06	9.07097e-06	0	8.7159e-12	2.34126e-11	3.21285e-11	2.76721e-11	1.46836e-11	4.23556e-11	9.48675e-08	1.29591e-11	9.48805e-08	1.13402e-05
11.8	1.89088e-08	8.92805e-06	8.94696e-06	0	8.48843e-12	2.27889e-11	3.12773e-11	2.69515e-11	1.42884e-11	4.12399e-11	9.1443e-08	1.26101e-11	9.14556e-08	1.11795e-05
11.9	1.80756e-08	8.81957e-06	8.83764e-06	0	8.26886e-12	2.21874e-11	3.04563e-11	2.62559e-11	1.39075e-11	4.01633e-11	8.81898e-08	1.22737e-11	8.8202e-08	1.10084e-05
12	1.72945e-08	8.73275e-06	8.75005e-06	0	8.05687e-12	2.16072e-11	2.96641e-11	2.55842e-11	1.35401e-11	3.91243e-11	8.50969e-08	1.19493e-11	8.51089e-08	1.08396e-05
12.1	1.65613e-08	8.67274e-06	8.6893e-06	0	7.85212e-12	2.10473e-11	2.88994e-11	2.49354e-11	1.31858e-11	3.81212e-11	8.21544e-08	1.16364e-11	8.2166e-08	1.06837e-05
12.2	1.58721e-08	8.64297e-06	8.65884e-06	0	7.6543e-12	2.05067e-11	2.8161e-11	2.43085e-11	1.2844e-11	3.71524e-11	7.93528e-08	1.13345e-11	7.93641e-08	1.0549e-05
12.3	1.52237e-08	8.64547e-06	8.6607e-06	0	7.46311e-12	1.99848e-11	2.74479e-11	2.37026e-11	1.2514e-11	3.62165e-11	7.66835e-08	1.10431e-11	7.66946e-08	1.04416e-05
12.4	1.46128e-08	8.68109e-06	8.6957e-06	0	7.2783e-12	1.94806e-11	2.67589e-11	2.31168e-11	1.21953e-11	3.53121e-11	7.41386e-08	1.07617e-11	7.41494e-08	1.03658e-05
12.5	1.40366e-08	8.74963e-06	8.76367e-06	0	7.09957e-12	1.89934e-11	2.6093e-11	2.25503e-11	1.18875e-11	3.44378e-11	7.17107e-08	1.049e-11	7.17212e-08	1.0324e-05
12.6	1.34926e-08	8.84998e-06	8.86348e-06	0	6.9267e-12	1.85226e-11	2.54493e-11	2.20022e-11	1.15902e-11	3.35924e-11	6.93928e-08	1.02274e-11	6.9403e-08	1.03173e-05
12.7	1.29785e-08	8.98019e-06	8.99317e-06	0	6.75943e-12	1.80673e-11	2.48267e-11	2.14719e-11	1.13028e-11	3.27747e-11	6.71786e-08	9.97366e-12	6.71886e-08	1.03459e-05
12.8	1.24921e-08	9.13747e-06	9.14997e-06	0	6.59754e-12	1.7627e-11	2.42245e-11	2.09586e-11	1.10249e-11	3.19835e-11	6.50622e-08	9.72834e-12	6.50719e-08	1.04086e-05
12.9	1.20315e-08	9.31821e-06	9.33024e-06	0	6.44081e-12	1.7201e-11	2.36418e-11	2.04617e-11	1.07562e-11	3.12179e-11	6.3038e-08	9.4911e-12	6.30475e-08	1.05036e-05
13	1.15949e-08	9.51795e-06	9.52954e-06	0	6.28905e-12	1.67888e-11	2.30778e-11	1.99804e-11	1.04963e-11	3.04767e-11	6.11009e-08	9.2616e-12	6.11101e-08	1.06284e-05
13.1	1.11807e-08	9.73141e-06	9.74259e-06	0	6.14204e-12	1.63898e-11	2.25318e-11	1.95142e-11	1.02448e-11	2.9759e-11	5.92461e-08	9.03954e-12	5.92551e-08	1.07795e-05
13.2	1.07874e-08	9.95253e-06	9.96332e-06	0	5.99961e-12	1.60035e-11	2.20031e-11	1.90625e-11	1.00013e-11	2.90638e-11	5.74692e-08	8.82461e-12	5.7478e-08	1.09529e-05
13.3	1.04136e-08	1.01746e-05	1.0185e-05	0	5.86158e-12	1.56293e-11	2.14909e-11	1.86247e-11	9.7656e-12	2.83903e-11	5.57659e-08	8.61652e-12	5.57745e-08	1.11438e-05
13.4	1.00581e-08	1.03902e-05	1.04003e-05	0	5.72778e-12	1.52668e-11	2.09946e-11	1.82003e-11	9.53733e-12	2.77376e-11	5.41324e-08	8.415e-12	5.41408e-08	1.13469e-05
13.5	9.71976e-09	1.05919e-05	1.06016e-05	0	5.59805e-12	1.49156e-11	2.05136e-11	1.77887e-11	9.31619e-12	2.71049e-11	5.25649e-08	8.21978e-12	5.25732e-08	1.1556e-05
13.6	9.39745e-09	1.07721e-05	1.07815e-05	0	5.47223e-12	1.45751e-11	2.00474e-11	1.73896e-11	9.10192e-12	2.64915e-11	5.10602e-08	8.03063e-12	5.10682e-08	1.17647e-05
13.7	9.09021e-09	1.09237e-05	1.09328e-05	0	5.35018e-12	1.42451e-11	1.95952e-11	1.70023e-11	8.89424e-12	2.58966e-11	4.96149e-08	7.84731e-12	4.96228e-08	1.19659e-05
13.8	8.79712e-09	1.10402e-05	1.1049e-05	0	5.23175e-12	1.3925e-11	1.91567e-11	1.66266e-11	8.69291e-12	2.53195e-11	4.82261e-08	7.66958e-12	4.82338e-08	1.21526e-05
13.9	8.51734e-09	1.11165e-05	1.1125e-05	0	5.11681e-12	1.36145e-11	1.87313e-11	1.62619e-11	8.49767e-12	2.47595e-11	4.6891e-08	7.49724e-12	4.68984e-08	1.23176e-05
14	8.25008e-09	1.11488e-05	1.1157e-05	0	5.00523e-12	1.33133e-11	1.83185e-11	1.59078e-11	8.3083e-12	2.42161e-11	4.56068e-08	7.33008e-12	4.56141e-08	1.24542e-05
14.1	7.99462e-09	1.11349e-05	1.11429e-05	0	4.89689e-12	1.3021e-11	1.79179e-11	1.5564e-11	8.12457e-12	2.36886e-11	4.43711e-08	7.16791e-12	4.43783e-08	1.25563e-05
14.2	7.75029e-09	1.10744e-05	1.10821e-05	0	4.79167e-12	1.27372e-11	1.75289e-11	1.52301e-11	7.94628e-12	2.31764e-11	4.31816e-08	7.01054e-12	4.31886e-08	1.26188e-05
14.3	7.51645e-09	1.09686e-05	1.09762e-05	0	4.68947e-12	1.24617e-11	1.71512e-11	1.49057e-11	7.77322e-12	2.2679e-11	4.20361e-08	6.85778e-12	4.20429e-08	1.26377e-05
14.4	7.29252e-09	1.08204e-05	1.08277e-05	0	4.59016e-12	1.21942e-11	1.67843e-11	1.45906e-11	7.6052e-12	2.21958e-11	4.09324e-08	6.70948e-12	4.09391e-08	1.26105e-05
14.5	7.07796e-09	1.06336e-05	1.06406e-05	0	4.49366e-12	1.19343e-11	1.6428e-11	1.42843e-11	7.44203e-12	2.17263e-11	3.98687e-08	6.56547e-12	3.98752e-08	1.25363e-05
14.6	6.87226e-09	1.0413e-05	1.04199e-05	0	4.39986e-12	1.16818e-11	1.60817e-11	1.39865e-11	7.28355e-12	2.12701e-11	3.8843e-08	6.4256e-12	3.88494e-08	1.24157e-05
14.7	6.67495e-09	1.01642e-05	1.01709e-05	0	4.30866e-12	1.14365e-11	1.57452e-11	1.3697e-11	7.12958e-12	2.08266e-11	3.78536e-08	6.2897e-12	3.78599e-08	1.22505e-05
14.8	6.48558e-09	9.89257e-06	9.89905e-06	0	4.21998e-12	1.1198e-11	1.5418e-11	1.34155e-11	6.97996e-12	2.03954e-11	3.6899e-08	6.15765e-12	3.69051e-08	1.20441e-05
14.9	6.30374e-09	9.60366e-06	9.60997e-06	0	4.13373e-12	1.09662e-11	1.50999e-11	1.31417e-11	6.83454e-12	1.99762e-11	3.59775e-08	6.02931e-12	3.59835e-08	1.18007e-05
15	6.12905e-09	9.30263e-06	9.30876e-06	0	4.04983e-12	1.07408e-11	1.47906e-11	1.28753e-11	6.69317e-12	1.95685e-11	3.50876e-08	5.90454e-12	3.50935e-08	1.15252e-05
15.1	5.96113e-09	8.99417e-06	9.00013e-06	0	3.96819e-12	1.05215e-11	1.44897e-11	1.26161e-11	6.55571e-12	1.91718e-11	3.4228e-08	5.78323e-12	3.42338e-08	1.1223e-05
15.2	5.79965e-09	8.68243e-06	8.68823e-06	0	3.88874e-12	1.03083e-11	1.4197e-11	1.23638e-11	6.42202e-12	1.87859e-11	3.33974e-08	5.66524e-12	3.3403e-08	1.08995e-05
15.3	5.64429e-09	8.37095e-06	8.37659e-06	0	3.81141e-12	1.01008e-11	1.39122e-11	1.21183e-11	6.29197e-12	1.84103e-11	3.25944e-08	5.55048e-12	3.26e-08	1.056e-05
15.4	5.49476e-09	8.06267e-06	8.06816e-06	0	3.73613e-12	9.89887e-12	1.3635e-11	1.18792e-11	6.16545e-12	1.80447e-11	3.18181e-08	5.43882e-12	3.18235e-08	1.02097e-05
15.5	5.35075e-09	7.75995e-06	7.76531e-06	0	3.66283e-12	9.70234e-12	1.33652e-11	1.16465e-11	6.04232e-12	1.76888e-11	3.10671e-08	5.33016e-12	3.10724e-08	9.85306e-06
15.6	5.21203e-09	7.46467e-06	7.46988e-06	0	3.59144e-12	9.51101e-12	1.31025e-11	1.14197e-11	5.92248e-12	1.73422e-11	3.03404e-08	5.2244e-12	3.03456e-08	9.49427e-06
15.7	5.07832e-09	7.17821e-06	7.18329e-06	0	3.5219e-12	9.32472e-12	1.28466e-11	1.11989e-11	5.80582e-12	1.70047e-11	2.96371e-08	5.12145e-12	2.96422e-08	9.13682e-06
15.8	4.9494e-09	6.90157e-06	6.90652e-06	0	3.45415e-12	9.1433e-12	1.25975e-11	1.09838e-11	5.69222e-12	1.6676e-11	2.89562e-08	5.02121e-12	2.89612e-08	8.78368e-06
15.9	4.82505e-09	6.63541e-06	6.64023e-06	0	3.38814e-12	8.96659e-12	1.23547e-11	1.07741e-11	5.5816e-12	1.63557e-11	2.82967e-08	4.92359e-12	2.83017e-08	8.43726e-06
16	4.70506e-09	6.38013e-06	6.38484e-06	0	3.32381e-12	8.79443e-12	1.21182e-11	1.05698e-11	5.47384e-12	1.60436e-11	2.76579e-08	4.82851e-12	2.76627e-08	8.09946e-06
16.1	4.58923e-09	6.1359e-06	6.14049e-06	0	3.26111e-12	8.62669e-12	1.18878e-11	1.03706e-11	5.36887e-12	1.57395e-11	2.70388e-08	4.73587e-12	2.70436e-08	7.77174e-06
16.2	4.47737e-09	5.90271e-06	5.90718e-06	0	3.19997e-12	8.46321e-12	1.16632e-11	1.01764e-11	5.26658e-12	1.5443e-11	2.64388e-08	4.64562e-12	2.64434e-08	7.45516e-06
16.3	4.3693e-09	5.68041e-06	5.68478e-06	0	3.14037e-12	8.30387e-12	1.14442e-11	9.98707e-12	5.1669e-12	1.5154e-11	2.5857e-08	4.55766e-12	2.58615e-08	7.15044e-06
16.4	4.26487e-09	5.46877e-06	5.47304e-06	0	3.08224e-12	8.14853e-12	1.12308e-11	9.80241e-12	5.06974e-12	1.48722e-11	2.52927e-08	4.47192e-12	2.52972e-08	6.85801e-06
16.5	4.16392e-09	5.26747e-06	5.27163e-06	0	3.02554e-12	7.99706e-12	1.10226e-11	9.6223e-12	4.97502e-12	1.45973e-11	2.47453e-08	4.38834e-12	2.47497e-08	6.57808e-06
16.6	4.06629e-09	5.07613e-06	5.08019e-06	0	2.97023e-12	7.84935e-12	1.08196e-11	9.44659e-12	4.88266e-12	1.43292e-11	2.42142e-08	4.30685e-12	2.42185e-08	6.31066e-06
16.7	3.97184e-09	4.89434e-06	4.89831e-06	0	2.91627e-12	7.70528e-12	1.06216e-11	9.27515e-12	4.79259e-12	1.40677e-11	2.36987e-08	4.22737e-12	2.37029e-08	6.05561e-06
16.8	3.88044e-09	4.72169e-06	4.72557e-06	0	2.86361e-12	7.56474e-12	1.04284e-11	9.10785e-12	4.70474e-12	1.38126e-11	2.31982e-08	4.14986e-12	2.32023e-08	5.81269e-06
16.9	3.79196e-09	4.55772e-06	4.56151e-06	0	2.81222e-12	7.42762e-12	1.02398e-11	8.94456e-12	4.61904e-12	1.35636e-11	2.27121e-08	4.07424e-12	2.27162e-08	5.58156e-06
17	3.70629e-09	4.40201e-06	4.40571e-06	0	2.76205e-12	7.29381e-12	1.00559e-11	8.78517e-12	4.53542e-12	1.33206e-11	2.224e-08	4.00046e-12	2.2244e-08	5.36183e-06
17.1	3.6233e-09	4.25412e-06	4.25774e-06	0	2.71308e-12	7.16322e-12	9.87629e-12	8.62955e-12	4.45383e-12	1.30834e-11	2.17814e-08	3.92847e-12	2.17853e-08	5.15306e-06
17.2	3.54289e-09	4.11362e-06	4.11717e-06	0	2.66526e-12	7.03574e-12	9.701e-12	8.47761e-12	4.37419e-12	1.28518e-11	2.13356e-08	3.85821e-12	2.13395e-08	4.95478e-06
17.3	3.46496e-09	3.98012e-06	3.98359e-06	0	2.61856e-12	6.91129e-12	9.52985e-12	8.32922e-12	4.29646e-12	1.26257e-11	2.09024e-08	3.78962e-12	2.09062e-08	4.76651e-06
17.4	3.38941e-09	3.85322e-06	3.85661e-06	0	2.57295e-12	6.78978e-12	9.36272e-12	8.18429e-12	4.22057e-12	1.24049e-11	2.04811e-08	3.72266e-12	2.04849e-08	4.58778e-06
17.5	3.31614e-09	3.73254e-06	3.73586e-06	0	2.5284e-12	6.67111e-12	9.19951e-12	8.04271e-12	4.14647e-12	1.21892e-11	2.00715e-08	3.65728e-12	2.00752e-08	4.41809e-06
17.6	3.24506e-09	3.61773e-06	3.62098e-06	0	2.48487e-12	6.55521e-12	9.04008e-12	7.90439e-12	4.0741e-12	1.19785e-11	1.96731e-08	3.59344e-12	1.96767e-08	4.25697e-06
17.7	3.1761e-09	3.50844e-06	3.51162e-06	0	2.44234e-12	6.442e-12	8.88434e-12	7.76924e-12	4.00343e-12	1.17727e-11	1.92855e-08	3.53108e-12	1.9289e-08	4.10397e-06
17.8	3.10916e-09	3.40436e-06	3.40747e-06	0	2.40078e-12	6.33139e-12	8.73217e-12	7.63716e-12	3.93438e-12	1.15715e-11	1.89083e-08	3.47017e-12	1.89118e-08	3.95864e-06
17.9	3.04418e-09	3.30519e-06	3.30824e-06	0	2.36016e-12	6.22331e-12	8.58348e-12	7.50807e-12	3.86693e-12	1.1375e-11	1.85412e-08	3.41066e-12	1.85446e-08	3.82055e-06
18	2.98108e-09	3.21064e-06	3.21362e-06	0	2.32046e-12	6.1177e-12	8.43816e-12	7.38188e-12	3.80102e-12	1.11829e-11	1.81838e-08	3.35251e-12	1.81872e-08	3.6893e-06
18.1	2.91979e-09	3.12044e-06	3.12336e-06	0	2.28164e-12	6.01447e-12	8.29612e-12	7.25851e-12	3.73661e-12	1.09951e-11	1.78358e-08	3.29568e-12	1.78391e-08	3.56449e-06
18.2	2.86024e-09	3.03434e-06	3.0372e-06	0	2.24369e-12	5.91357e-12	8.15726e-12	7.13789e-12	3.67366e-12	1.08115e-11	1.7497e-08	3.24014e-12	1.75002e-08	3.44576e-06
18.3	2.80237e-09	2.95211e-06	2.95491e-06	0	2.20658e-12	5.81492e-12	8.0215e-12	7.01993e-12	3.61212e-12	1.06321e-11	1.71669e-08	3.18585e-12	1.71701e-08	3.33276e-06
18.4	2.74611e-09	2.87353e-06	2.87627e-06	0	2.17029e-12	5.71847e-12	7.88875e-12	6.90457e-12	3.55196e-12	1.04565e-11	1.68453e-08	3.13278e-12	1.68484e-08	3.22517e-06
18.5	2.69142e-09	2.79838e-06	2.80107e-06	0	2.13479e-12	5.62415e-12	7.75893e-12	6.79172e-12	3.49313e-12	1.02849e-11	1.65319e-08	3.08088e-12	1.6535e-08	3.12266e-06
18.6	2.63823e-09	2.72648e-06	2.72912e-06	0	2.10006e-12	5.5319e-12	7.63196e-12	6.68133e-12	3.43561e-12	1.01169e-11	1.62265e-08	3.03013e-12	1.62295e-08	3.02496e-06
18.7	2.5865e-09	2.65765e-06	2.66024e-06	0	2.06608e-12	5.44167e-12	7.50776e-12	6.57333e-12	3.37935e-12	9.95268e-12	1.59287e-08	2.9805e-12	1.59317e-08	2.93178e-06
18.8	2.53616e-09	2.59171e-06	2.59425e-06	0	2.03284e-12	5.35341e-12	7.38624e-12	6.46765e-12	3.32432e-12	9.79197e-12	1.56384e-08	2.93195e-12	1.56414e-08	2.84287e-06
18.9	2.48717e-09	2.52851e-06	2.531e-06	0	2.00031e-12	5.26705e-12	7.26735e-12	6.36423e-12	3.27048e-12	9.63471e-12	1.53553e-08	2.88445e-12	1.53582e-08	2.75799e-06
19	2.4395e-09	2.46789e-06	2.47033e-06	0	1.96847e-12	5.18255e-12	7.15101e-12	6.26301e-12	3.21781e-12	9.48082e-12	1.50792e-08	2.83799e-12	1.50821e-08	2.6769e-06
19.1	2.39308e-09	2.40972e-06	2.41212e-06	0	1.9373e-12	5.09985e-12	7.03715e-12	6.16393e-12	3.16627e-12	9.3302e-12	1.48099e-08	2.79252e-12	1.48127e-08	2.5994e-06
19.2	2.34787e-09	2.35387e-06	2.35622e-06	0	1.90679e-12	5.01891e-12	6.9257e-12	6.06694e-12	3.11583e-12	9.18277e-12	1.45471e-08	2.74802e-12	1.45499e-08	2.5253e-06
19.3	2.30385e-09	2.30021e-06	2.30251e-06	0	1.87692e-12	4.93969e-12	6.81661e-12	5.97198e-12	3.06646e-12	9.03844e-12	1.42907e-08	2.70447e-12	1.42934e-08	2.45439e-06
19.4	2.26096e-09	2.24863e-06	2.25089e-06	0	1.84767e-12	4.86213e-12	6.70981e-12	5.87899e-12	3.01814e-12	8.89713e-12	1.40404e-08	2.66184e-12	1.40431e-08	2.38651e-06
19.5	2.21917e-09	2.19902e-06	2.20124e-06	0	1.81903e-12	4.7862e-12	6.60523e-12	5.78793e-12	2.97083e-12	8.75876e-12	1.37961e-08	2.62011e-12	1.37987e-08	2.32149e-06
19.6	2.17845e-09	2.15128e-06	2.15346e-06	0	1.79098e-12	4.71185e-12	6.50283e-12	5.69875e-12	2.92451e-12	8.62326e-12	1.35576e-08	2.57925e-12	1.35602e-08	2.25917e-06
19.7	2.13875e-09	2.10532e-06	2.10746e-06	0	1.76351e-12	4.63903e-12	6.40254e-12	5.6114e-12	2.87915e-12	8.49055e-12	1.33247e-08	2.53924e-12	1.33272e-08	2.19942e-06
19.8	2.10005e-09	2.06104e-06	2.06314e-06	0	1.73659e-12	4.56772e-12	6.30431e-12	5.52582e-12	2.83473e-12	8.36056e-12	1.30972e-08	2.50005e-12	1.30997e-08	2.1421e-06
19.9	2.06231e-09	2.01837e-06	2.02043e-06	0	1.71023e-12	4.49787e-12	6.20809e-12	5.44198e-12	2.79123e-12	8.23321e-12	1.2875e-08	2.46168e-12	1.28775e-08	2.08707e-06
20	2.02551e-09	1.97722e-06	1.97924e-06	0	1.68439e-12	4.42944e-12	6.11383e-12	5.35984e-12	2.74862e-12	8.10846e-12	1.2658e-08	2.42409e-12	1.26604e-08	2.03423e-06
20.1	1.98961e-09	1.93751e-06	1.9395e-06	0	1.65908e-12	4.36239e-12	6.02147e-12	5.27934e-12	2.70687e-12	7.98621e-12	1.24459e-08	2.38726e-12	1.24483e-08	1.98346e-06
20.2	1.95458e-09	1.89919e-06	1.90115e-06	0	1.63427e-12	4.2967e-12	5.93097e-12	5.20045e-12	2.66597e-12	7.86643e-12	1.22386e-08	2.35118e-12	1.2241e-08	1.93464e-06
20.3	1.9204e-09	1.86219e-06	1.86411e-06	0	1.60995e-12	4.23233e-12	5.84228e-12	5.12313e-12	2.6259e-12	7.74903e-12	1.20361e-08	2.31583e-12	1.20384e-08	1.8877e-06
20.4	1.88704e-09	1.82643e-06	1.82832e-06	0	1.58612e-12	4.16925e-12	5.75536e-12	5.04734e-12	2.58662e-12	7.63397e-12	1.18381e-08	2.28119e-12	1.18404e-08	1.84252e-06
20.5	1.85448e-09	1.79187e-06	1.79372e-06	0	1.56275e-12	4.10741e-12	5.67017e-12	4.97305e-12	2.54814e-12	7.52118e-12	1.16445e-08	2.24724e-12	1.16468e-08	1.79903e-06
20.6	1.82269e-09	1.75845e-06	1.76027e-06	0	1.53984e-12	4.0468e-12	5.58665e-12	4.9002e-12	2.51041e-12	7.41061e-12	1.14552e-08	2.21396e-12	1.14575e-08	1.75714e-06
20.7	1.79165e-09	1.72612e-06	1.72791e-06	0	1.51738e-12	3.98738e-12	5.50477e-12	4.82878e-12	2.47343e-12	7.30221e-12	1.12701e-08	2.18134e-12	1.12723e-08	1.71677e-06
20.8	1.76133e-09	1.69482e-06	1.69658e-06	0	1.49536e-12	3.92913e-12	5.42449e-12	4.75874e-12	2.43718e-12	7.19591e-12	1.10891e-08	2.14936e-12	1.10913e-08	1.67786e-06
20.9	1.73171e-09	1.66452e-06	1.66625e-06	0	1.47376e-12	3.872e-12	5.34577e-12	4.69005e-12	2.40163e-12	7.09168e-12	1.0912e-08	2.11801e-12	1.09141e-08	1.64032e-06
21	1.70278e-09	1.63516e-06	1.63687e-06	0	1.45258e-12	3.81599e-12	5.26857e-12	4.62268e-12	2.36678e-12	6.98946e-12	1.07388e-08	2.08726e-12	1.07409e-08	1.60411e-06
21.1	1.67452e-09	1.60672e-06	1.60839e-06	0	1.4318e-12	3.76105e-12	5.19285e-12	4.5566e-12	2.3326e-12	6.88919e-12	1.05693e-08	2.05711e-12	1.05713e-08	1.56915e-06
21.2	1.64689e-09	1.57914e-06	1.58079e-06	0	1.41142e-12	3.70717e-12	5.11858e-12	4.49177e-12	2.29908e-12	6.79085e-12	1.04034e-08	2.02755e-12	1.04054e-08	1.53538e-06
21.3	1.61989e-09	1.55239e-06	1.55401e-06	0	1.39142e-12	3.65432e-12	5.04573e-12	4.42817e-12	2.2662e-12	6.69437e-12	1.0241e-08	1.99854e-12	1.0243e-08	1.50276e-06
21.4	1.5935e-09	1.52644e-06	1.52804e-06	0	1.3718e-12	3.60247e-12	4.97426e-12	4.36577e-12	2.23395e-12	6.59972e-12	1.00821e-08	1.9701e-12	1.00841e-08	1.47124e-06
21.5	1.5677e-09	1.50126e-06	1.50282e-06	0	1.35255e-12	3.5516e-12	4.90414e-12	4.30454e-12	2.20231e-12	6.50685e-12	9.92658e-09	1.94219e-12	9.92852e-09	1.44076e-06
21.6	1.54246e-09	1.4768e-06	1.47834e-06	0	1.33365e-12	3.50168e-12	4.83534e-12	4.24445e-12	2.17126e-12	6.41572e-12	9.77427e-09	1.91481e-12	9.77619e-09	1.41127e-06
21.7	1.51779e-09	1.45305e-06	1.45456e-06	0	1.31511e-12	3.45271e-12	4.76782e-12	4.18548e-12	2.1408e-12	6.32628e-12	9.62514e-09	1.88794e-12	9.62703e-09	1.38274e-06
21.8	1.49365e-09	1.42997e-06	1.43146e-06	0	1.29691e-12	3.40464e-12	4.70155e-12	4.1276e-12	2.11091e-12	6.23851e-12	9.47909e-09	1.86158e-12	9.48095e-09	1.35512e-06
21.9	1.47004e-09	1.40753e-06	1.409e-06	0	1.27905e-12	3.35747e-12	4.63652e-12	4.07078e-12	2.08158e-12	6.15236e-12	9.33604e-09	1.8357e-12	9.33788e-09	1.32838e-06
22	1.44695e-09	1.38572e-06	1.38717e-06	0	1.26151e-12	3.31116e-12	4.57268e-12	4.015e-12	2.05279e-12	6.06779e-12	9.19592e-09	1.81031e-12	9.19774e-09	1.30247e-06
22.1	1.42434e-09	1.36451e-06	1.36593e-06	0	1.2443e-12	3.26571e-12	4.51001e-12	3.96024e-12	2.02453e-12	5.98477e-12	9.05866e-09	1.78538e-12	9.06044e-09	1.27736e-06
22.2	1.40222e-09	1.34386e-06	1.34527e-06	0	1.22739e-12	3.22109e-12	4.44848e-12	3.90647e-12	1.99679e-12	5.90327e-12	8.92417e-09	1.76092e-12	8.92593e-09	1.25302e-06
22.3	1.38057e-09	1.32377e-06	1.32515e-06	0	1.21079e-12	3.17728e-12	4.38808e-12	3.85368e-12	1.96956e-12	5.82324e-12	8.79238e-09	1.73689e-12	8.79412e-09	1.22942e-06
22.4	1.35938e-09	1.30422e-06	1.30557e-06	0	1.1945e-12	3.13427e-12	4.32876e-12	3.80183e-12	1.94282e-12	5.74465e-12	8.66323e-09	1.71331e-12	8.66495e-09	1.20653e-06
22.5	1.33863e-09	1.28517e-06	1.28651e-06	0	1.17849e-12	3.09203e-12	4.27052e-12	3.75091e-12	1.91657e-12	5.66748e-12	8.53666e-09	1.69015e-12	8.53835e-09	1.18431e-06
22.6	1.31832e-09	1.26661e-06	1.26793e-06	0	1.16277e-12	3.05055e-12	4.21331e-12	3.7009e-12	1.89079e-12	5.59169e-12	8.41258e-09	1.66741e-12	8.41425e-09	1.16274e-06
22.7	1.29842e-09	1.24853e-06	1.24983e-06	0	1.14732e-12	3.00981e-12	4.15713e-12	3.65178e-12	1.86547e-12	5.51724e-12	8.29096e-09	1.64508e-12	8.2926e-09	1.1418e-06
22.8	1.27894e-09	1.2309e-06	1.23218e-06	0	1.13215e-12	2.96979e-12	4.10195e-12	3.60352e-12	1.8406e-12	5.44412e-12	8.17171e-09	1.62315e-12	8.17333e-09	1.12146e-06
22.9	1.25986e-09	1.21372e-06	1.21498e-06	0	1.11725e-12	2.93049e-12	4.04774e-12	3.55611e-12	1.81617e-12	5.37228e-12	8.05478e-09	1.60161e-12	8.05638e-09	1.1017e-06
23	1.24116e-09	1.19696e-06	1.1982e-06	0	1.10261e-12	2.89188e-12	3.99448e-12	3.50953e-12	1.79218e-12	5.30171e-12	7.94012e-09	1.58044e-12	7.9417e-09	1.08249e-06
23.1	1.22285e-09	1.1806e-06	1.18183e-06	0	1.08822e-12	2.85394e-12	3.94216e-12	3.46376e-12	1.76861e-12	5.23237e-12	7.82767e-09	1.55965e-12	7.82923e-09	1.06382e-06
23.2	1.2049e-09	1.16465e-06	1.16585e-06	0	1.07408e-12	2.81667e-12	3.89075e-12	3.41879e-12	1.74545e-12	5.16424e-12	7.71737e-09	1.53923e-12	7.71891e-09	1.04566e-06
23.3	1.18731e-09	1.14907e-06	1.15026e-06	0	1.06019e-12	2.78004e-12	3.84023e-12	3.37459e-12	1.7227e-12	5.09729e-12	7.60918e-09	1.51916e-12	7.6107e-09	1.028e-06
23.4	1.17007e-09	1.13386e-06	1.13504e-06	0	1.04654e-12	2.74406e-12	3.79059e-12	3.33116e-12	1.70034e-12	5.0315e-12	7.50304e-09	1.49944e-12	7.50454e-09	1.01081e-06
23.5	1.15318e-09	1.11901e-06	1.12017e-06	0	1.03312e-12	2.70869e-12	3.7418e-12	3.28846e-12	1.67837e-12	4.96683e-12	7.39891e-09	1.48006e-12	7.40039e-09	9.94088e-07
23.6	1.13661e-09	1.10451e-06	1.10564e-06	0	1.01993e-12	2.67392e-12	3.69385e-12	3.2465e-12	1.65678e-12	4.90328e-12	7.29673e-09	1.46102e-12	7.29819e-09	9.77804e-07
23.7	1.12037e-09	1.09033e-06	1.09145e-06	0	1.00696e-12	2.63976e-12	3.64672e-12	3.20525e-12	1.63555e-12	4.8408e-12	7.19645e-09	1.4423e-12	7.1979e-09	9.61946e-07
23.8	1.10445e-09	1.07648e-06	1.07758e-06	0	9.94211e-13	2.60617e-12	3.60038e-12	3.16469e-12	1.61469e-12	4.77939e-12	7.09805e-09	1.4239e-12	7.09947e-09	9.465e-07
23.9	1.08884e-09	1.06294e-06	1.06403e-06	0	9.81678e-13	2.57316e-12	3.55483e-12	3.12482e-12	1.59419e-12	4.71901e-12	7.00146e-09	1.40582e-12	7.00286e-09	9.31452e-07
24	1.07352e-09	1.0497e-06	1.05077e-06	0	9.69355e-13	2.5407e-12	3.51005e-12	3.08561e-12	1.57403e-12	4.65964e-12	6.90665e-09	1.38804e-12	6.90804e-09	9.16786e-07
24.1	1.0585e-09	1.03674e-06	1.0378e-06	0	9.57239e-13	2.50878e-12	3.46602e-12	3.04706e-12	1.55421e-12	4.60128e-12	6.81357e-09	1.37056e-12	6.81494e-09	9.0249e-07
24.2	1.04377e-09	1.02408e-06	1.02512e-06	0	9.45323e-13	2.4774e-12	3.42273e-12	3.00915e-12	1.53473e-12	4.54388e-12	6.72219e-09	1.35337e-12	6.72355e-09	8.88551e-07
24.3	1.02932e-09	1.01168e-06	1.01271e-06	0	9.33605e-13	2.44655e-12	3.38015e-12	2.97187e-12	1.51556e-12	4.48744e-12	6.63247e-09	1.33647e-12	6.63381e-09	8.74958e-07
24.4	1.01513e-09	9.99551e-07	1.00057e-06	0	9.22081e-13	2.4162e-12	3.33828e-12	2.93521e-12	1.49672e-12	4.43193e-12	6.54437e-09	1.31985e-12	6.54569e-09	8.61697e-07
24.5	1.00122e-09	9.87676e-07	9.88677e-07	0	9.10745e-13	2.38636e-12	3.2971e-12	2.89914e-12	1.47819e-12	4.37733e-12	6.45785e-09	1.30351e-12	6.45915e-09	8.48759e-07
24.6	9.87563e-10	9.7605e-07	9.77038e-07	0	8.99595e-13	2.357e-12	3.2566e-12	2.86366e-12	1.45997e-12	4.32363e-12	6.37287e-09	1.28744e-12	6.37416e-09	8.36133e-07
24.7	9.74161e-10	9.64665e-07	9.65639e-07	0	8.88627e-13	2.32813e-12	3.21676e-12	2.82877e-12	1.44204e-12	4.27081e-12	6.28941e-09	1.27163e-12	6.29068e-09	8.23807e-07
24.8	9.61007e-10	9.53514e-07	9.54475e-07	0	8.77837e-13	2.29973e-12	3.17757e-12	2.79443e-12	1.42441e-12	4.21885e-12	6.20742e-09	1.25608e-12	6.20867e-09	8.11774e-07
24.9	9.48094e-10	9.42589e-07	9.43538e-07	0	8.6722e-13	2.27179e-12	3.13901e-12	2.76065e-12	1.40707e-12	4.16772e-12	6.12687e-09	1.24078e-12	6.12811e-09	8.00022e-07
25	9.35418e-10	9.31885e-07	9.3282e-07	0	8.56775e-13	2.2443e-12	3.10108e-12	2.72742e-12	1.39001e-12	4.11743e-12	6.04774e-09	1.22574e-12	6.04897e-09	7.88543e-07
25.1	9.22972e-10	9.21394e-07	9.22317e-07	0	8.46497e-13	2.21726e-12	3.06376e-12	2.69472e-12	1.37322e-12	4.06794e-12	5.96999e-09	1.21093e-12	5.9712e-09	7.77329e-07
25.2	9.10751e-10	9.1111e-07	9.12021e-07	0	8.36383e-13	2.19065e-12	3.02703e-12	2.66254e-12	1.3567e-12	4.01924e-12	5.89359e-09	1.19636e-12	5.89478e-09	7.66371e-07
25.3	8.9875e-10	9.01028e-07	9.01926e-07	0	8.2643e-13	2.16446e-12	2.99089e-12	2.63087e-12	1.34045e-12	3.97132e-12	5.8185e-09	1.18203e-12	5.81969e-09	7.5566e-07
25.4	8.86965e-10	8.91141e-07	8.92028e-07	0	8.16635e-13	2.1387e-12	2.95533e-12	2.5997e-12	1.32446e-12	3.92416e-12	5.74471e-09	1.16793e-12	5.74588e-09	7.4519e-07
25.5	8.75389e-10	8.81444e-07	8.82319e-07	0	8.06994e-13	2.11334e-12	2.92033e-12	2.56902e-12	1.30872e-12	3.87774e-12	5.67219e-09	1.15405e-12	5.67334e-09	7.34953e-07
25.6	8.64019e-10	8.71932e-07	8.72796e-07	0	7.97504e-13	2.08838e-12	2.88588e-12	2.53882e-12	1.29323e-12	3.83206e-12	5.6009e-09	1.14039e-12	5.60204e-09	7.24942e-07
25.7	8.5285e-10	8.626e-07	8.63452e-07	0	7.88163e-13	2.06381e-12	2.85197e-12	2.5091e-12	1.27799e-12	3.78709e-12	5.53081e-09	1.12694e-12	5.53194e-09	7.1515e-07
25.8	8.41877e-10	8.53442e-07	8.54283e-07	0	7.78968e-13	2.03963e-12	2.8186e-12	2.47984e-12	1.26298e-12	3.74282e-12	5.46192e-09	1.11371e-12	5.46303e-09	7.05571e-07
25.9	8.31096e-10	8.44454e-07	8.45285e-07	0	7.69915e-13	2.01583e-12	2.78574e-12	2.45103e-12	1.24821e-12	3.69924e-12	5.39418e-09	1.10068e-12	5.39528e-09	6.96197e-07
26	8.20502e-10	8.35631e-07	8.36451e-07	0	7.61002e-13	1.99239e-12	2.75339e-12	2.42267e-12	1.23367e-12	3.65634e-12	5.32757e-09	1.08786e-12	5.32866e-09	6.87024e-07
26.1	8.10092e-10	8.26968e-07	8.27779e-07	0	7.52226e-13	1.96932e-12	2.72155e-12	2.39474e-12	1.21936e-12	3.6141e-12	5.26208e-09	1.07523e-12	5.26315e-09	6.78045e-07
26.2	7.99861e-10	8.18463e-07	8.19263e-07	0	7.43586e-13	1.9466e-12	2.69019e-12	2.36725e-12	1.20526e-12	3.57251e-12	5.19767e-09	1.0628e-12	5.19873e-09	6.69254e-07
26.3	7.89806e-10	8.10109e-07	8.10899e-07	0	7.35077e-13	1.92424e-12	2.65931e-12	2.34017e-12	1.19139e-12	3.53156e-12	5.13432e-09	1.05057e-12	5.13537e-09	6.60646e-07
26.4	7.79922e-10	8.01904e-07	8.02684e-07	0	7.26697e-13	1.90221e-12	2.62891e-12	2.31351e-12	1.17772e-12	3.49123e-12	5.07201e-09	1.03852e-12	5.07305e-09	6.52217e-07
26.5	7.70207e-10	7.93844e-07	7.94614e-07	0	7.18445e-13	1.88052e-12	2.59897e-12	2.28725e-12	1.16427e-12	3.45152e-12	5.01073e-09	1.02665e-12	5.01176e-09	6.4396e-07
26.6	7.60655e-10	7.85924e-07	7.86684e-07	0	7.10318e-13	1.85917e-12	2.56948e-12	2.26138e-12	1.15102e-12	3.4124e-12	4.95044e-09	1.01497e-12	4.95146e-09	6.35871e-07
26.7	7.51265e-10	7.78141e-07	7.78892e-07	0	7.02313e-13	1.83813e-12	2.54044e-12	2.23591e-12	1.13797e-12	3.37388e-12	4.89114e-09	1.00346e-12	4.89214e-09	6.27946e-07
26.8	7.42032e-10	7.70491e-07	7.71233e-07	0	6.94427e-13	1.81741e-12	2.51184e-12	2.21081e-12	1.12512e-12	3.33593e-12	4.83279e-09	9.92124e-13	4.83378e-09	6.20179e-07
26.9	7.32952e-10	7.62972e-07	7.63705e-07	0	6.8666e-13	1.797e-12	2.48366e-12	2.1861e-12	1.11246e-12	3.29856e-12	4.77537e-09	9.80961e-13	4.77636e-09	6.12566e-07
27	7.24024e-10	7.5558e-07	7.56304e-07	0	6.79008e-13	1.7769e-12	2.45591e-12	2.16175e-12	1.09999e-12	3.26174e-12	4.71888e-09	9.69965e-13	4.71985e-09	6.05104e-07
27.1	7.15243e-10	7.48311e-07	7.49027e-07	0	6.7147e-13	1.7571e-12	2.42857e-12	2.13776e-12	1.08771e-12	3.22546e-12	4.66329e-09	9.59133e-13	4.66425e-09	5.97788e-07
27.2	7.06606e-10	7.41164e-07	7.4187e-07	0	6.64043e-13	1.73759e-12	2.40163e-12	2.11412e-12	1.07561e-12	3.18973e-12	4.60858e-09	9.48462e-13	4.60953e-09	5.90614e-07
27.3	6.98111e-10	7.34134e-07	7.34832e-07	0	6.56726e-13	1.71837e-12	2.37509e-12	2.09083e-12	1.06369e-12	3.15452e-12	4.55474e-09	9.3795e-13	4.55568e-09	5.83578e-07
27.4	6.89755e-10	7.27219e-07	7.27908e-07	0	6.49515e-13	1.69943e-12	2.34894e-12	2.06788e-12	1.05194e-12	3.11983e-12	4.50175e-09	9.27592e-13	4.50267e-09	5.76677e-07
27.5	6.81534e-10	7.20416e-07	7.21097e-07	0	6.4241e-13	1.68077e-12	2.32318e-12	2.04527e-12	1.04037e-12	3.08565e-12	4.44958e-09	9.17388e-13	4.4505e-09	5.69907e-07
27.6	6.73446e-10	7.13722e-07	7.14395e-07	0	6.35409e-13	1.66238e-12	2.29779e-12	2.02299e-12	1.02897e-12	3.05196e-12	4.39823e-09	9.07332e-13	4.39914e-09	5.63265e-07
27.7	6.65488e-10	7.07135e-07	7.07801e-07	0	6.28509e-13	1.64426e-12	2.27277e-12	2.00103e-12	1.01774e-12	3.01877e-12	4.34768e-09	8.97424e-13	4.34858e-09	5.56747e-07
27.8	6.57657e-10	7.00653e-07	7.01311e-07	0	6.21708e-13	1.62641e-12	2.24811e-12	1.97939e-12	1.00666e-12	2.98605e-12	4.29791e-09	8.87659e-13	4.2988e-09	5.5035e-07
27.9	6.49952e-10	6.94272e-07	6.94922e-07	0	6.15006e-13	1.60881e-12	2.22381e-12	1.95806e-12	9.95752e-13	2.95381e-12	4.24891e-09	8.78037e-13	4.24979e-09	5.44072e-07
28	6.42369e-10	6.87991e-07	6.88634e-07	0	6.08399e-13	1.59146e-12	2.19986e-12	1.93703e-12	9.84998e-13	2.92203e-12	4.20066e-09	8.68553e-13	4.20153e-09	5.37908e-07
28.1	6.34905e-10	6.81808e-07	6.82442e-07	0	6.01887e-13	1.57437e-12	2.17626e-12	1.91631e-12	9.74399e-13	2.89071e-12	4.15315e-09	8.59206e-13	4.15401e-09	5.31857e-07
28.2	6.27559e-10	6.75719e-07	6.76346e-07	0	5.95468e-13	1.55752e-12	2.15299e-12	1.89588e-12	9.63951e-13	2.85983e-12	4.10637e-09	8.49992e-13	4.10722e-09	5.25915e-07
28.3	6.20329e-10	6.69723e-07	6.70343e-07	0	5.8914e-13	1.54091e-12	2.13005e-12	1.87574e-12	9.53653e-13	2.82939e-12	4.06029e-09	8.40911e-13	4.06113e-09	5.20079e-07
28.4	6.13211e-10	6.63817e-07	6.64431e-07	0	5.82902e-13	1.52453e-12	2.10743e-12	1.85588e-12	9.43502e-13	2.79938e-12	4.01491e-09	8.31958e-13	4.01574e-09	5.14348e-07
28.5	6.06204e-10	6.58001e-07	6.58607e-07	0	5.76751e-13	1.50839e-12	2.08514e-12	1.83631e-12	9.33494e-13	2.7698e-12	3.97021e-09	8.23133e-13	3.97104e-09	5.08718e-07
28.6	5.99305e-10	6.52271e-07	6.5287e-07	0	5.70687e-13	1.49247e-12	2.06316e-12	1.817e-12	9.23628e-13	2.74063e-12	3.92619e-09	8.14432e-13	3.927e-09	5.03187e-07
28.7	5.92512e-10	6.46626e-07	6.47218e-07	0	5.64707e-13	1.47678e-12	2.04149e-12	1.79797e-12	9.13901e-13	2.71187e-12	3.88282e-09	8.05854e-13	3.88362e-09	4.97752e-07
28.8	5.85824e-10	6.41063e-07	6.41649e-07	0	5.58811e-13	1.46131e-12	2.02012e-12	1.77921e-12	9.0431e-13	2.68352e-12	3.84009e-09	7.97396e-13	3.84089e-09	4.92412e-07
28.9	5.79238e-10	6.35582e-07	6.36162e-07	0	5.52997e-13	1.44605e-12	1.99905e-12	1.7607e-12	8.94853e-13	2.65556e-12	3.798e-09	7.89057e-13	3.79879e-09	4.87163e-07
29	5.72752e-10	6.30181e-07	6.30753e-07	0	5.47263e-13	1.43101e-12	1.97827e-12	1.74245e-12	8.85529e-13	2.62798e-12	3.75653e-09	7.80834e-13	3.75731e-09	4.82005e-07
29.1	5.66365e-10	6.24857e-07	6.25423e-07	0	5.41609e-13	1.41617e-12	1.95778e-12	1.72445e-12	8.76333e-13	2.60079e-12	3.71567e-09	7.72724e-13	3.71644e-09	4.76934e-07
29.2	5.60074e-10	6.19609e-07	6.20169e-07	0	5.36032e-13	1.40154e-12	1.93758e-12	1.7067e-12	8.67265e-13	2.57397e-12	3.67541e-09	7.64727e-13	3.67617e-09	4.71949e-07
29.3	5.53877e-10	6.14435e-07	6.14989e-07	0	5.30531e-13	1.38711e-12	1.91765e-12	1.6892e-12	8.58322e-13	2.54752e-12	3.63573e-09	7.56841e-13	3.63649e-09	4.67047e-07
29.4	5.47773e-10	6.09334e-07	6.09882e-07	0	5.25106e-13	1.37288e-12	1.89799e-12	1.67193e-12	8.49501e-13	2.52143e-12	3.59663e-09	7.49062e-13	3.59738e-09	4.62227e-07
29.5	5.4176e-10	6.04305e-07	6.04847e-07	0	5.19754e-13	1.35885e-12	1.8786e-12	1.6549e-12	8.40802e-13	2.4957e-12	3.5581e-09	7.41391e-13	3.55884e-09	4.57487e-07
29.6	5.35837e-10	5.99345e-07	5.99881e-07	0	5.14475e-13	1.345e-12	1.85947e-12	1.63809e-12	8.32221e-13	2.47031e-12	3.52012e-09	7.33823e-13	3.52085e-09	4.52825e-07
29.7	5.30001e-10	5.94454e-07	5.94984e-07	0	5.09268e-13	1.33134e-12	1.84061e-12	1.62152e-12	8.23756e-13	2.44527e-12	3.48269e-09	7.26359e-13	3.48341e-09	4.48239e-07
29.8	5.24251e-10	5.8963e-07	5.90154e-07	0	5.0413e-13	1.31787e-12	1.822e-12	1.60517e-12	8.15407e-13	2.42057e-12	3.44579e-09	7.18996e-13	3.44651e-09	4.43728e-07
29.9	5.18586e-10	5.84871e-07	5.8539e-07	0	4.99062e-13	1.30458e-12	1.80364e-12	1.58903e-12	8.0717e-13	2.3962e-12	3.40942e-09	7.11732e-13	3.41013e-09	4.39289e-07
30	5.13003e-10	5.80177e-07	5.8069e-07	0	4.94061e-13	1.29146e-12	1.78552e-12	1.57311e-12	7.99044e-13	2.37216e-12	3.37356e-09	7.04566e-13	3.37427e-09	4.34921e-07
30.1	5.07501e-10	5.75545e-07	5.76053e-07	0	4.89127e-13	1.27852e-12	1.76765e-12	1.55741e-12	7.91027e-13	2.34844e-12	3.33822e-09	6.97497e-13	3.33891e-09	4.30624e-07
30.2	5.0208e-10	5.70976e-07	5.71478e-07	0	4.84259e-13	1.26576e-12	1.75002e-12	1.54191e-12	7.83117e-13	2.32503e-12	3.30337e-09	6.90521e-13	3.30406e-09	4.26394e-07
30.3	4.96736e-10	5.66467e-07	5.66963e-07	0	4.79455e-13	1.25316e-12	1.73262e-12	1.52662e-12	7.75312e-13	2.30193e-12	3.26901e-09	6.83639e-13	3.26969e-09	4.22231e-07
30.4	4.9147e-10	5.62017e-07	5.62508e-07	0	4.74714e-13	1.24074e-12	1.71545e-12	1.51153e-12	7.67611e-13	2.27914e-12	3.23513e-09	6.76848e-13	3.2358e-09	4.18133e-07
30.5	4.86279e-10	5.57625e-07	5.58112e-07	0	4.70036e-13	1.22847e-12	1.69851e-12	1.49664e-12	7.60012e-13	2.25665e-12	3.20172e-09	6.70147e-13	3.20239e-09	4.14098e-07
30.6	4.81162e-10	5.53291e-07	5.53772e-07	0	4.65419e-13	1.21637e-12	1.68179e-12	1.48195e-12	7.52514e-13	2.23446e-12	3.16878e-09	6.63534e-13	3.16944e-09	4.10126e-07
30.7	4.76117e-10	5.49012e-07	5.49488e-07	0	4.60863e-13	1.20442e-12	1.66529e-12	1.46744e-12	7.45113e-13	2.21256e-12	3.13629e-09	6.57008e-13	3.13695e-09	4.06215e-07
30.8	4.71145e-10	5.44789e-07	5.4526e-07	0	4.56365e-13	1.19264e-12	1.649e-12	1.45313e-12	7.3781e-13	2.19094e-12	3.10425e-09	6.50568e-13	3.1049e-09	4.02364e-07
30.9	4.66242e-10	5.40619e-07	5.41085e-07	0	4.51927e-13	1.181e-12	1.63293e-12	1.439e-12	7.30602e-13	2.1696e-12	3.07265e-09	6.44212e-13	3.07329e-09	3.98571e-07
31	4.61409e-10	5.36502e-07	5.36963e-07	0	4.47545e-13	1.16952e-12	1.61706e-12	1.42505e-12	7.23488e-13	2.14854e-12	3.04148e-09	6.37938e-13	3.04212e-09	3.94836e-07
31.1	4.56643e-10	5.32437e-07	5.32893e-07	0	4.43221e-13	1.15818e-12	1.6014e-12	1.41128e-12	7.16466e-13	2.12775e-12	3.01074e-09	6.31746e-13	3.01137e-09	3.91157e-07
31.2	4.51943e-10	5.28422e-07	5.28874e-07	0	4.38951e-13	1.14699e-12	1.58595e-12	1.39769e-12	7.09535e-13	2.10723e-12	2.98042e-09	6.25634e-13	2.98104e-09	3.87532e-07
31.3	4.47309e-10	5.24458e-07	5.24905e-07	0	4.34737e-13	1.13595e-12	1.57069e-12	1.38428e-12	7.02693e-13	2.08697e-12	2.9505e-09	6.19601e-13	2.95112e-09	3.83961e-07
31.4	4.42739e-10	5.20542e-07	5.20985e-07	0	4.30576e-13	1.12505e-12	1.55562e-12	1.37104e-12	6.95939e-13	2.06697e-12	2.92099e-09	6.13645e-13	2.92161e-09	3.80443e-07
31.5	4.38232e-10	5.16675e-07	5.17113e-07	0	4.26469e-13	1.11428e-12	1.54075e-12	1.35796e-12	6.89272e-13	2.04723e-12	2.89188e-09	6.07765e-13	2.89249e-09	3.76977e-07
31.6	4.33787e-10	5.12855e-07	5.13288e-07	0	4.22413e-13	1.10366e-12	1.52607e-12	1.34505e-12	6.82689e-13	2.02774e-12	2.86315e-09	6.01961e-13	2.86376e-09	3.73561e-07
31.7	4.29403e-10	5.09081e-07	5.0951e-07	0	4.18409e-13	1.09317e-12	1.51157e-12	1.3323e-12	6.76191e-13	2.00849e-12	2.83481e-09	5.9623e-13	2.83541e-09	3.70194e-07
31.8	4.25079e-10	5.05352e-07	5.05777e-07	0	4.14455e-13	1.08281e-12	1.49726e-12	1.31972e-12	6.69775e-13	1.98949e-12	2.80685e-09	5.90572e-13	2.80744e-09	3.66876e-07
31.9	4.20813e-10	5.01669e-07	5.02089e-07	0	4.10551e-13	1.07258e-12	1.48313e-12	1.30729e-12	6.6344e-13	1.97073e-12	2.77926e-09	5.84986e-13	2.77984e-09	3.63606e-07
32	4.16606e-10	4.98029e-07	4.98445e-07	0	4.06696e-13	1.06248e-12	1.46918e-12	1.29502e-12	6.57184e-13	1.9522e-12	2.75203e-09	5.7947e-13	2.75261e-09	3.60382e-07
32.1	4.12455e-10	4.94432e-07	4.94845e-07	0	4.0289e-13	1.05251e-12	1.4554e-12	1.2829e-12	6.51007e-13	1.93391e-12	2.72516e-09	5.74023e-13	2.72573e-09	3.57204e-07
32.2	4.0836e-10	4.90878e-07	4.91286e-07	0	3.9913e-13	1.04266e-12	1.44179e-12	1.27093e-12	6.44908e-13	1.91584e-12	2.69864e-09	5.68644e-13	2.69921e-09	3.54071e-07
32.3	4.0432e-10	4.87365e-07	4.8777e-07	0	3.95418e-13	1.03293e-12	1.42835e-12	1.25911e-12	6.38885e-13	1.898e-12	2.67247e-09	5.63333e-13	2.67304e-09	3.50981e-07
32.4	4.00333e-10	4.83894e-07	4.84294e-07	0	3.91751e-13	1.02333e-12	1.41508e-12	1.24744e-12	6.32936e-13	1.88038e-12	2.64664e-09	5.58087e-13	2.6472e-09	3.47935e-07
32.5	3.964e-10	4.80462e-07	4.80858e-07	0	3.88129e-13	1.01384e-12	1.40197e-12	1.23591e-12	6.27062e-13	1.86297e-12	2.62115e-09	5.52907e-13	2.6217e-09	3.44931e-07
32.6	3.92519e-10	4.7707e-07	4.77462e-07	0	3.84552e-13	1.00448e-12	1.38903e-12	1.22453e-12	6.2126e-13	1.84579e-12	2.59598e-09	5.47791e-13	2.59653e-09	3.41968e-07
32.7	3.88689e-10	4.73717e-07	4.74105e-07	0	3.81019e-13	9.95222e-13	1.37624e-12	1.21328e-12	6.15529e-13	1.82881e-12	2.57115e-09	5.42738e-13	2.57169e-09	3.39046e-07
32.8	3.8491e-10	4.70402e-07	4.70787e-07	0	3.77529e-13	9.86082e-13	1.36361e-12	1.20217e-12	6.09869e-13	1.81204e-12	2.54662e-09	5.37747e-13	2.54716e-09	3.36164e-07
32.9	3.8118e-10	4.67124e-07	4.67505e-07	0	3.74082e-13	9.77054e-13	1.35114e-12	1.19119e-12	6.04279e-13	1.79547e-12	2.52242e-09	5.32817e-13	2.52295e-09	3.33321e-07
33	3.77499e-10	4.63884e-07	4.64261e-07	0	3.70676e-13	9.68136e-13	1.33881e-12	1.18035e-12	5.98756e-13	1.77911e-12	2.49852e-09	5.27947e-13	2.49905e-09	3.30517e-07
33.1	3.73866e-10	4.60679e-07	4.61053e-07	0	3.67312e-13	9.59327e-13	1.32664e-12	1.16964e-12	5.93301e-13	1.76294e-12	2.47493e-09	5.23136e-13	2.47545e-09	3.2775e-07
33.2	3.7028e-10	4.57511e-07	4.57881e-07	0	3.63989e-13	9.50624e-13	1.31461e-12	1.15906e-12	5.87912e-13	1.74697e-12	2.45163e-09	5.18384e-13	2.45215e-09	3.2502e-07
33.3	3.6674e-10	4.54377e-07	4.54744e-07	0	3.60705e-13	9.42027e-13	1.30273e-12	1.14861e-12	5.82588e-13	1.7312e-12	2.42863e-09	5.1369e-13	2.42915e-09	3.22326e-07
33.4	3.63246e-10	4.51278e-07	4.51641e-07	0	3.57461e-13	9.33532e-13	1.29099e-12	1.13828e-12	5.77329e-13	1.71561e-12	2.40592e-09	5.09052e-13	2.40643e-09	3.19668e-07
33.5	3.59797e-10	4.48213e-07	4.48573e-07	0	3.54255e-13	9.2514e-13	1.2794e-12	1.12808e-12	5.72132e-13	1.70021e-12	2.3835e-09	5.0447e-13	2.384e-09	3.17045e-07
33.6	3.56392e-10	4.45181e-07	4.45538e-07	0	3.51088e-13	9.16849e-13	1.26794e-12	1.11799e-12	5.66998e-13	1.68499e-12	2.36135e-09	4.99942e-13	2.36185e-09	3.14456e-07
33.7	3.53031e-10	4.42182e-07	4.42535e-07	0	3.47959e-13	9.08656e-13	1.25661e-12	1.10803e-12	5.61925e-13	1.66996e-12	2.33948e-09	4.95469e-13	2.33998e-09	3.11901e-07
33.8	3.49712e-10	4.39216e-07	4.39566e-07	0	3.44867e-13	9.00561e-13	1.24543e-12	1.09819e-12	5.56913e-13	1.6551e-12	2.31789e-09	4.91049e-13	2.31838e-09	3.09379e-07
33.9	3.46435e-10	4.36281e-07	4.36628e-07	0	3.41811e-13	8.92561e-13	1.23437e-12	1.08846e-12	5.5196e-13	1.64042e-12	2.29656e-09	4.86682e-13	2.29705e-09	3.0689e-07
34	3.432e-10	4.33378e-07	4.33721e-07	0	3.38791e-13	8.84657e-13	1.22345e-12	1.07885e-12	5.47066e-13	1.62591e-12	2.27549e-09	4.82366e-13	2.27598e-09	3.04432e-07
34.1	3.40005e-10	4.30505e-07	4.30845e-07	0	3.35807e-13	8.76846e-13	1.21265e-12	1.06935e-12	5.4223e-13	1.61158e-12	2.25469e-09	4.78102e-13	2.25517e-09	3.02006e-07
34.2	3.36851e-10	4.27663e-07	4.28e-07	0	3.32858e-13	8.69126e-13	1.20198e-12	1.05996e-12	5.37451e-13	1.59741e-12	2.23414e-09	4.73888e-13	2.23461e-09	2.99611e-07
34.3	3.33736e-10	4.24851e-07	4.25185e-07	0	3.29943e-13	8.61497e-13	1.19144e-12	1.05068e-12	5.32728e-13	1.5834e-12	2.21384e-09	4.69723e-13	2.21431e-09	2.97245e-07
34.4	3.30659e-10	4.22068e-07	4.22399e-07	0	3.27062e-13	8.53957e-13	1.18102e-12	1.04151e-12	5.2806e-13	1.56957e-12	2.19379e-09	4.65606e-13	2.19425e-09	2.9491e-07
34.5	3.27621e-10	4.19314e-07	4.19642e-07	0	3.24215e-13	8.46505e-13	1.17072e-12	1.03244e-12	5.23446e-13	1.55589e-12	2.17398e-09	4.61538e-13	2.17444e-09	2.92604e-07
34.6	3.24621e-10	4.16589e-07	4.16913e-07	0	3.21401e-13	8.3914e-13	1.16054e-12	1.02348e-12	5.18887e-13	1.54237e-12	2.15441e-09	4.57518e-13	2.15487e-09	2.90327e-07
34.7	3.21657e-10	4.13891e-07	4.14213e-07	0	3.18619e-13	8.3186e-13	1.15048e-12	1.01463e-12	5.1438e-13	1.52901e-12	2.13508e-09	4.53544e-13	2.13553e-09	2.88077e-07
34.8	3.1873e-10	4.11222e-07	4.1154e-07	0	3.15869e-13	8.24664e-13	1.14053e-12	1.00587e-12	5.09925e-13	1.5158e-12	2.11598e-09	4.49615e-13	2.11643e-09	2.85856e-07
34.9	3.15839e-10	4.08579e-07	4.08895e-07	0	3.13151e-13	8.17551e-13	1.1307e-12	9.97217e-13	5.05522e-13	1.50274e-12	2.09711e-09	4.45733e-13	2.09756e-09	2.83662e-07
35	3.12984e-10	4.05964e-07	4.06277e-07	0	3.10464e-13	8.10519e-13	1.12098e-12	9.88662e-13	5.01169e-13	1.48983e-12	2.07847e-09	4.41894e-13	2.07891e-09	2.81494e-07
35.1	3.10163e-10	4.03374e-07	4.03685e-07	0	3.07808e-13	8.03568e-13	1.11138e-12	9.80205e-13	4.96866e-13	1.47707e-12	2.06005e-09	4.381e-13	2.06048e-09	2.79353e-07
35.2	3.07376e-10	4.00811e-07	4.01119e-07	0	3.05182e-13	7.96697e-13	1.10188e-12	9.71845e-13	4.92613e-13	1.46446e-12	2.04184e-09	4.3435e-13	2.04228e-09	2.77238e-07
35.3	3.04623e-10	3.98274e-07	3.98578e-07	0	3.02585e-13	7.89904e-13	1.09249e-12	9.63579e-13	4.88408e-13	1.45199e-12	2.02386e-09	4.30642e-13	2.02429e-09	2.75148e-07
35.4	3.01903e-10	3.95761e-07	3.96063e-07	0	3.00018e-13	7.83188e-13	1.08321e-12	9.55406e-13	4.84251e-13	1.43966e-12	2.00608e-09	4.26976e-13	2.00651e-09	2.73084e-07
35.5	2.99216e-10	3.93274e-07	3.93573e-07	0	2.97481e-13	7.76547e-13	1.07403e-12	9.47326e-13	4.8014e-13	1.42747e-12	1.98852e-09	4.23352e-13	1.98894e-09	2.71044e-07
35.6	2.96561e-10	3.90811e-07	3.91108e-07	0	2.94971e-13	7.69982e-13	1.06495e-12	9.39337e-13	4.76077e-13	1.41541e-12	1.97116e-09	4.19768e-13	1.97158e-09	2.69028e-07
35.7	2.93938e-10	3.88372e-07	3.88666e-07	0	2.9249e-13	7.63491e-13	1.05598e-12	9.31438e-13	4.72059e-13	1.4035e-12	1.95401e-09	4.16225e-13	1.95442e-09	2.67036e-07
35.8	2.91346e-10	3.85958e-07	3.86249e-07	0	2.90037e-13	7.57073e-13	1.04711e-12	9.23627e-13	4.68086e-13	1.39171e-12	1.93705e-09	4.12722e-13	1.93746e-09	2.65067e-07
35.9	2.88785e-10	3.83566e-07	3.83855e-07	0	2.87611e-13	7.50726e-13	1.03834e-12	9.15903e-13	4.64158e-13	1.38006e-12	1.92029e-09	4.09259e-13	1.9207e-09	2.63122e-07
36	2.86254e-10	3.81198e-07	3.81484e-07	0	2.85212e-13	7.44451e-13	1.02966e-12	9.08265e-13	4.60274e-13	1.36854e-12	1.90373e-09	4.05834e-13	1.90414e-09	2.61199e-07
36.1	2.83753e-10	3.78853e-07	3.79136e-07	0	2.82839e-13	7.38245e-13	1.02108e-12	9.00711e-13	4.56433e-13	1.35714e-12	1.88736e-09	4.02447e-13	1.88776e-09	2.59299e-07
36.2	2.81281e-10	3.7653e-07	3.76811e-07	0	2.80493e-13	7.32108e-13	1.0126e-12	8.93242e-13	4.52635e-13	1.34588e-12	1.87118e-09	3.99098e-13	1.87158e-09	2.5742e-07
36.3	2.78838e-10	3.74229e-07	3.74508e-07	0	2.78173e-13	7.26039e-13	1.00421e-12	8.85855e-13	4.48879e-13	1.33473e-12	1.85518e-09	3.95785e-13	1.85558e-09	2.55563e-07
36.4	2.76424e-10	3.7195e-07	3.72227e-07	0	2.75878e-13	7.20037e-13	9.95915e-13	8.78549e-13	4.45164e-13	1.32371e-12	1.83937e-09	3.9251e-13	1.83976e-09	2.53728e-07
36.5	2.74038e-10	3.69693e-07	3.69967e-07	0	2.73609e-13	7.14101e-13	9.8771e-13	8.71323e-13	4.4149e-13	1.31281e-12	1.82374e-09	3.89271e-13	1.82413e-09	2.51913e-07
36.6	2.7168e-10	3.67457e-07	3.67729e-07	0	2.71364e-13	7.0823e-13	9.79594e-13	8.64177e-13	4.37857e-13	1.30203e-12	1.80828e-09	3.86067e-13	1.80867e-09	2.50119e-07
36.7	2.69349e-10	3.65242e-07	3.65512e-07	0	2.69144e-13	7.02424e-13	9.71568e-13	8.57108e-13	4.34263e-13	1.29137e-12	1.793e-09	3.82898e-13	1.79339e-09	2.48345e-07
36.8	2.67045e-10	3.63048e-07	3.63315e-07	0	2.66948e-13	6.96681e-13	9.63629e-13	8.50116e-13	4.30709e-13	1.28083e-12	1.7779e-09	3.79764e-13	1.77828e-09	2.46591e-07
36.9	2.64768e-10	3.60874e-07	3.61139e-07	0	2.64776e-13	6.91e-13	9.55776e-13	8.43201e-13	4.27194e-13	1.27039e-12	1.76296e-09	3.76664e-13	1.76334e-09	2.44857e-07
37	2.62516e-10	3.5872e-07	3.58983e-07	0	2.62627e-13	6.85381e-13	9.48009e-13	8.3636e-13	4.23716e-13	1.26008e-12	1.7482e-09	3.73598e-13	1.74857e-09	2.43142e-07
37.1	2.60291e-10	3.56586e-07	3.56847e-07	0	2.60502e-13	6.79823e-13	9.40325e-13	8.29593e-13	4.20277e-13	1.24987e-12	1.7336e-09	3.70565e-13	1.73397e-09	2.41446e-07
37.2	2.58091e-10	3.54472e-07	3.5473e-07	0	2.584e-13	6.74325e-13	9.32725e-13	8.22899e-13	4.16875e-13	1.23977e-12	1.71916e-09	3.67565e-13	1.71953e-09	2.39769e-07
37.3	2.55915e-10	3.52377e-07	3.52633e-07	0	2.5632e-13	6.68886e-13	9.25206e-13	8.16276e-13	4.13509e-13	1.22979e-12	1.70488e-09	3.64597e-13	1.70525e-09	2.3811e-07
37.4	2.53765e-10	3.50301e-07	3.50555e-07	0	2.54262e-13	6.63506e-13	9.17768e-13	8.09725e-13	4.10179e-13	1.2199e-12	1.69076e-09	3.61661e-13	1.69113e-09	2.3647e-07
37.5	2.51639e-10	3.48244e-07	3.48496e-07	0	2.52226e-13	6.58183e-13	9.10409e-13	8.03244e-13	4.06886e-13	1.21013e-12	1.6768e-09	3.58757e-13	1.67716e-09	2.34847e-07
37.6	2.49536e-10	3.46206e-07	3.46456e-07	0	2.50212e-13	6.52917e-13	9.03129e-13	7.96831e-13	4.03627e-13	1.20046e-12	1.663e-09	3.55884e-13	1.66335e-09	2.33242e-07
37.7	2.47458e-10	3.44186e-07	3.44433e-07	0	2.4822e-13	6.47707e-13	8.95927e-13	7.90487e-13	4.00403e-13	1.19089e-12	1.64934e-09	3.53041e-13	1.6497e-09	2.31655e-07
37.8	2.45402e-10	3.42184e-07	3.42429e-07	0	2.46248e-13	6.42553e-13	8.88801e-13	7.8421e-13	3.97214e-13	1.18142e-12	1.63584e-09	3.50229e-13	1.63619e-09	2.30085e-07
37.9	2.4337e-10	3.402e-07	3.40443e-07	0	2.44298e-13	6.37453e-13	8.81751e-13	7.77999e-13	3.94058e-13	1.17206e-12	1.62249e-09	3.47446e-13	1.62283e-09	2.28531e-07
38	2.4136e-10	3.38233e-07	3.38475e-07	0	2.42368e-13	6.32407e-13	8.74775e-13	7.71854e-13	3.90936e-13	1.16279e-12	1.60928e-09	3.44693e-13	1.60962e-09	2.26994e-07
38.1	2.39373e-10	3.36284e-07	3.36523e-07	0	2.40458e-13	6.27414e-13	8.67872e-13	7.65774e-13	3.87846e-13	1.15362e-12	1.59621e-09	3.41969e-13	1.59655e-09	2.25473e-07
38.2	2.37407e-10	3.34352e-07	3.3459e-07	0	2.38568e-13	6.22474e-13	8.61042e-13	7.59757e-13	3.8479e-13	1.14455e-12	1.58329e-09	3.39274e-13	1.58363e-09	2.23969e-07
38.3	2.35463e-10	3.32437e-07	3.32673e-07	0	2.36698e-13	6.17585e-13	8.54284e-13	7.53803e-13	3.81765e-13	1.13557e-12	1.57051e-09	3.36606e-13	1.57084e-09	2.2248e-07
38.4	2.33541e-10	3.30539e-07	3.30772e-07	0	2.34848e-13	6.12748e-13	8.47596e-13	7.47911e-13	3.78772e-13	1.12668e-12	1.55786e-09	3.33967e-13	1.5582e-09	2.21007e-07
38.5	2.3164e-10	3.28657e-07	3.28889e-07	0	2.33017e-13	6.07961e-13	8.40978e-13	7.42081e-13	3.7581e-13	1.11789e-12	1.54536e-09	3.31356e-13	1.54569e-09	2.1955e-07
38.6	2.29759e-10	3.26792e-07	3.27022e-07	0	2.31205e-13	6.03224e-13	8.34428e-13	7.36311e-13	3.72879e-13	1.10919e-12	1.53298e-09	3.28771e-13	1.53331e-09	2.18108e-07
38.7	2.27899e-10	3.24942e-07	3.2517e-07	0	2.29411e-13	5.98536e-13	8.27947e-13	7.306e-13	3.69978e-13	1.10058e-12	1.52074e-09	3.26214e-13	1.52107e-09	2.1668e-07
38.8	2.2606e-10	3.23109e-07	3.23335e-07	0	2.27636e-13	5.93896e-13	8.21533e-13	7.24949e-13	3.67108e-13	1.09206e-12	1.50863e-09	3.23683e-13	1.50896e-09	2.15268e-07
38.9	2.2424e-10	3.21292e-07	3.21516e-07	0	2.2588e-13	5.89305e-13	8.15184e-13	7.19356e-13	3.64267e-13	1.08362e-12	1.49665e-09	3.21178e-13	1.49697e-09	2.1387e-07
39	2.2244e-10	3.19489e-07	3.19712e-07	0	2.24141e-13	5.8476e-13	8.08902e-13	7.1382e-13	3.61456e-13	1.07528e-12	1.4848e-09	3.18699e-13	1.48512e-09	2.12486e-07
39.1	2.20659e-10	3.17703e-07	3.17923e-07	0	2.2242e-13	5.80263e-13	8.02683e-13	7.08341e-13	3.58673e-13	1.06701e-12	1.47307e-09	3.16245e-13	1.47339e-09	2.11117e-07
39.2	2.18898e-10	3.15931e-07	3.1615e-07	0	2.20717e-13	5.75811e-13	7.96528e-13	7.02918e-13	3.55919e-13	1.05884e-12	1.46147e-09	3.13817e-13	1.46178e-09	2.09761e-07
39.3	2.17155e-10	3.14174e-07	3.14392e-07	0	2.19031e-13	5.71405e-13	7.90436e-13	6.9755e-13	3.53193e-13	1.05074e-12	1.44999e-09	3.11413e-13	1.4503e-09	2.08419e-07
39.4	2.15431e-10	3.12432e-07	3.12648e-07	0	2.17363e-13	5.67044e-13	7.84406e-13	6.92237e-13	3.50495e-13	1.04273e-12	1.43863e-09	3.09034e-13	1.43894e-09	2.07091e-07
39.5	2.13726e-10	3.10705e-07	3.10919e-07	0	2.15711e-13	5.62727e-13	7.78438e-13	6.86977e-13	3.47824e-13	1.0348e-12	1.42739e-09	3.06679e-13	1.4277e-09	2.05776e-07
39.6	2.12039e-10	3.08992e-07	3.09204e-07	0	2.14076e-13	5.58454e-13	7.7253e-13	6.81771e-13	3.45181e-13	1.02695e-12	1.41627e-09	3.04348e-13	1.41657e-09	2.04474e-07
39.7	2.10369e-10	3.07294e-07	3.07504e-07	0	2.12457e-13	5.54224e-13	7.66681e-13	6.76617e-13	3.42564e-13	1.01918e-12	1.40526e-09	3.02041e-13	1.40556e-09	2.03186e-07
39.8	2.08717e-10	3.05609e-07	3.05818e-07	0	2.10855e-13	5.50037e-13	7.60892e-13	6.71515e-13	3.39973e-13	1.01149e-12	1.39437e-09	2.99757e-13	1.39467e-09	2.0191e-07
39.9	2.07083e-10	3.03939e-07	3.04146e-07	0	2.09269e-13	5.45891e-13	7.5516e-13	6.66465e-13	3.37409e-13	1.00387e-12	1.38359e-09	2.97495e-13	1.38389e-09	2.00647e-07
40	2.05466e-10	3.02282e-07	3.02487e-07	0	2.07698e-13	5.41788e-13	7.49486e-13	6.61465e-13	3.34871e-13	9.96335e-13	1.37292e-09	2.95257e-13	1.37322e-09	1.99396e-07
