Protons:

Excitation energy (keV):	Energy dE-detector (keV):	Energy E-detector (keV):	Total particle energy (keV):
0,000000	859,054987 ± 5,746766	13254,034142 ± 122,215543	14113,089129 ± 122,350579
404,854000	879,364556 ± 6,088441	12833,016675 ± 122,992866	13712,381230 ± 123,143470
766,540000	898,477305 ± 6,421576	12455,881698 ± 123,733263	13354,359002 ± 123,899786
828,130000	901,828686 ± 6,481165	12391,560098 ± 123,863993	13293,388784 ± 124,033440
831,953000	902,037670 ± 6,484892	12387,566544 ± 123,872154	13289,604214 ± 124,041784
951,000000	908,602187 ± 6,602678	12263,149271 ± 124,129045	13171,751458 ± 124,304526
1014,400000	912,143777 ± 6,666790	12196,841718 ± 124,268076	13108,985495 ± 124,446779
1080,620000	915,877360 ± 6,734809	12127,548873 ± 124,414978	13043,426233 ± 124,597128
1103,500000	917,175651 ± 6,758565	12103,598515 ± 124,466141	13020,774166 ± 124,649502
1109,480000	917,515684 ± 6,764796	12097,338025 ± 124,479548	13014,853709 ± 124,663228
1129,810000	918,673877 ± 6,786047	12076,052160 ± 124,525235	12994,726037 ± 124,710002
1149,710000	919,810874 ± 6,806950	12055,213067 ± 124,570118	12975,023941 ± 124,755957
1196,330000	922,487405 ± 6,856321	12006,379602 ± 124,675901	12928,867007 ± 124,864284
1227,200000	924,269707 ± 6,889324	11974,033484 ± 124,746441	12898,303191 ± 124,936533
1234,300000	924,680765 ± 6,896950	11966,592797 ± 124,762721	12891,273562 ± 124,953209
1270,710000	926,795452 ± 6,936269	11928,428689 ± 124,846540	12855,224141 ± 125,039076
1304,400000	928,762223 ± 6,972966	11893,105114 ± 124,924597	12821,867337 ± 125,119052
Ex(e+de) = a0 + a1(e+de) + a2(e+de)^2
chi-squared: 0,000763, a0 = 14,132858 MeV, a1 = -0,988425, a2 = -0,000944 MeV^-1

Deutrons:

Excitation energy (keV):	Energy dE-detector (keV):	Energy E-detector (keV):	Total particle energy (keV):
0,000000	1815,215770 ± 18,829766	9169,110431 ± 152,594029	10984,326201 ± 153,751416
46,539000	1821,702632 ± 19,009945	9116,725360 ± 152,880151	10938,427992 ± 154,057518
319,740000	1860,968381 ± 20,126308	8807,970703 ± 154,632697	10668,939085 ± 155,936972
347,930000	1865,139685 ± 20,247527	8775,987437 ± 154,820985	10641,127122 ± 156,139360
433,490000	1877,943104 ± 20,622790	8678,765465 ± 155,401491	10556,708569 ± 156,763908
439,200000	1878,805323 ± 20,648235	8672,269100 ± 155,440724	10551,074423 ± 156,806149
502,810000	1888,477342 ± 20,935177	8599,829342 ± 155,882049	10488,306684 ± 157,281578
550,000000	1895,732930 ± 21,152260	8546,005277 ± 156,214594	10441,738208 ± 157,640152
563,070000	1897,754738 ± 21,213032	8531,085104 ± 156,307487	10428,839842 ± 157,740367
582,530000	1900,774963 ± 21,304043	8508,860016 ± 156,446438	10409,634979 ± 157,890311
670,000000	1914,499412 ± 21,721079	8408,806237 ± 157,080669	10323,305648 ± 158,575351
915,880000	1954,439384 ± 22,967469	8126,136966 ± 158,953042	10080,576350 ± 160,603780
971,850000	1963,824514 ± 23,267532	8061,487077 ± 159,398886	10025,311591 ± 161,088121
993,690000	1967,517363 ± 23,386360	8036,228176 ± 159,574938	10003,745539 ± 161,279517
1164,700000	1997,046841 ± 24,352142	7837,808985 ± 160,995526	9834,855826 ± 162,826860
1175,240000	1998,903388 ± 24,413796	7825,541652 ± 161,085608	9824,445040 ± 162,925157
1184,140000	2000,474443 ± 24,466055	7815,179571 ± 161,161910	9815,654013 ± 163,008433
1208,330000	2004,760268 ± 24,609026	7786,999303 ± 161,370395	9791,759571 ± 163,236052
1248,040000	2011,846163 ± 24,846713	7740,686582 ± 161,716171	9752,532745 ± 163,613811
1300,630000	2021,328109 ± 25,167337	7679,250637 ± 162,180988	9700,578746 ± 164,122113
1335,620000	2027,699497 ± 25,384438	7638,309914 ± 162,494694	9666,009410 ± 164,465483
1339,350000	2028,381689 ± 25,407763	7633,942446 ± 162,528348	9662,324135 ± 164,502336
1373,910000	2034,730145 ± 25,625559	7593,447293 ± 162,842148	9628,177438 ± 164,846093
1382,270000	2036,273371 ± 25,678705	7583,643746 ± 162,918596	9619,917117 ± 164,929878
1389,950000	2037,693678 ± 25,727687	7574,634907 ± 162,989013	9612,328585 ± 165,007067
1462,830000	2051,297548 ± 26,200255	7489,014081 ± 163,666303	9540,311629 ± 165,750150
1475,930000	2053,767231 ± 26,286712	7473,598568 ± 163,789813	9527,365800 ± 165,885786
1478,780000	2054,305526 ± 26,305583	7470,243775 ± 163,816756	9524,549301 ± 165,915380
1523,170000	2062,736074 ± 26,602415	7417,943218 ± 164,239788	9480,679292 ± 166,380277
1531,140000	2064,259033 ± 26,656294	7408,543258 ± 164,316422	9472,802291 ± 166,464544
1584,900000	2074,606826 ± 27,024463	7345,059844 ± 164,838850	9419,666670 ± 167,039421
1706,400000	2098,486588 ± 27,888121	7201,072079 ± 166,056178	9299,558667 ± 168,381714
1753,500000	2107,933321 ± 28,235244	7145,057653 ± 166,542319	9252,990974 ± 168,918836
1776,250000	2112,535197 ± 28,405475	7117,961397 ± 166,780087	9230,496593 ± 169,181762
1793,250000	2115,990732 ± 28,533790	7097,696232 ± 166,959038	9213,686965 ± 169,379744
1836,980000	2124,946281 ± 28,868304	7045,497844 ± 167,424466	9170,444125 ± 169,895058
1896,800000	2137,355169 ± 29,336527	6973,929355 ± 168,073333	9111,284524 ± 170,614411
1897,040000	2137,405327 ± 29,338430	6973,641832 ± 168,075965	9111,047159 ± 170,617331
1924,320000	2143,126398 ± 29,556171	6940,939576 ± 168,376696	9084,065974 ± 170,951101
1980,210000	2154,970975 ± 30,010726	6873,812549 ± 169,002479	9028,783523 ± 171,646385
1984,820000	2155,955462 ± 30,048736	6868,267893 ± 169,054686	9024,223355 ± 171,704436
1990,000000	2157,063053 ± 30,091542	6862,036242 ± 169,113456	9019,099296 ± 171,769793
2005,790000	2160,448313 ± 30,222651	6843,031168 ± 169,293317	9003,479481 ± 171,969869
2006,200000	2160,536396 ± 30,226068	6842,537498 ± 169,298002	9003,073894 ± 171,975081
2015,410000	2162,517467 ± 30,302994	6831,445449 ± 169,403427	8993,962916 ± 172,092395
2026,580000	2164,926404 ± 30,396728	6817,986374 ± 169,531785	8982,912778 ± 172,235267
2034,260000	2166,586687 ± 30,461455	6808,728353 ± 169,620356	8975,315041 ± 172,333878
2072,130000	2174,821639 ± 30,783998	6763,027249 ± 170,060936	8937,848888 ± 172,824698
2079,150000	2176,357019 ± 30,844412	6754,546402 ± 170,143315	8930,903421 ± 172,916527
2099,170000	2180,751059 ± 31,017790	6730,344350 ± 170,379480	8911,095408 ± 173,179879
2100,200000	2180,977744 ± 31,026754	6729,098548 ± 170,391680	8910,076292 ± 173,193487
2107,860000	2182,665481 ± 31,093552	6719,831681 ± 170,482563	8902,497162 ± 173,294874
2135,050000	2188,683559 ± 31,332603	6686,909654 ± 170,807365	8875,593212 ± 173,657387
2177,210000	2198,100140 ± 31,709368	6635,773482 ± 171,317894	8833,873622 ± 174,227738
2237,740000	2211,804318 ± 32,263652	6562,164855 ± 172,065951	8773,969173 ± 175,064659
2258,740000	2216,610600 ± 32,459738	6536,573712 ± 172,329744	8753,184312 ± 175,360130
2314,050000	2229,399903 ± 32,985818	6469,036320 ± 173,035355	8698,436224 ± 176,151350
2525,120000	2280,024771 ± 35,130811	6209,420744 ± 175,881914	8489,445515 ± 179,356130
2578,510000	2293,311266 ± 35,710658	6143,253261 ± 176,643486	8436,564527 ± 180,217014
2610,050000	2301,255985 ± 36,060802	6104,065914 ± 177,101816	8405,321899 ± 180,735815
2723,800000	2330,519784 ± 37,372925	5962,103596 ± 178,809360	8292,623381 ± 182,673268
2737,150000	2334,018701 ± 37,532193	5945,375888 ± 179,015583	8279,394589 ± 182,907748
2758,820000	2339,727781 ± 37,793171	5918,192555 ± 179,353026	8257,920337 ± 183,291658
2764,700000	2341,283256 ± 37,864514	5910,809981 ± 179,445171	8252,093237 ± 183,396540
2764,910000	2341,338859 ± 37,867066	5910,546266 ± 179,448467	8251,885125 ± 183,400291
2818,290000	2355,586608 ± 38,525361	5843,394500 ± 180,296659	8198,981108 ± 184,366724
2818,860000	2355,739985 ± 38,532494	5842,676165 ± 180,305831	8198,416150 ± 184,377183
2840,290000	2361,525627 ± 38,802322	5815,649416 ± 180,652439	8177,175042 ± 184,772627
2909,950000	2380,595272 ± 39,701908	5727,525068 ± 181,803757	8108,120340 ± 186,088279
2920,980000	2383,652332 ± 39,847592	5713,532614 ± 181,989606	8097,184947 ± 186,300959
2966,160000	2396,284017 ± 40,453905	5656,104862 ± 182,761318	8052,388880 ± 187,184983
3004,440000	2407,126927 ± 40,979990	5607,302691 ± 183,428662	8014,429618 ± 187,950614
3010,600000	2408,883991 ± 41,065734	5599,436845 ± 183,537234	8008,320836 ± 188,075279
3039,650000	2417,216463 ± 41,474239	5562,294425 ± 184,053760	7979,510888 ± 188,668755
3069,370000	2425,821175 ± 41,899377	5524,212738 ± 184,590036	7950,033913 ± 189,285602
3108,800000	2437,364511 ± 42,474989	5473,557781 ± 185,314087	7910,922292 ± 190,119529
3141,000000	2446,901036 ± 42,955138	5432,077788 ± 185,916302	7878,978824 ± 190,814085
3182,100000	2459,220012 ± 43,581610	5378,981659 ± 186,699696	7838,201671 ± 191,718891
3209,660000	2467,574512 ± 44,010504	5343,280728 ± 187,234526	7810,855240 ± 192,337443
3244,310000	2478,187416 ± 44,560081	5298,282967 ± 187,918107	7776,470383 ± 193,129013
Ex(e+de) = a0 + a1(e+de) + a2(e+de)^2
chi-squared: 0,000067, a0 = 10,970333 MeV, a1 = -0,980600, a2 = -0,001666 MeV^-1

Tritons:

Excitation energy (keV):	Energy dE-detector (keV):	Energy E-detector (keV):	Total particle energy (keV):
0,000000	2239,251274 ± 21,402597	10160,470632 ± 161,472481	12399,721906 ± 162,884724
896,290000	2384,291268 ± 25,400792	9136,862263 ± 167,598940	11521,153531 ± 169,512846
1608,580000	2517,919554 ± 29,532958	8304,360243 ± 173,604205	10822,279797 ± 176,098312
2442,860000	2701,586733 ± 35,987734	7301,184476 ± 182,497650	10002,771209 ± 186,012121
2492,820000	2713,712477 ± 36,447833	7239,945780 ± 183,113258	9953,658257 ± 186,705409
2564,160000	2731,277058 ± 37,122129	7152,242675 ± 184,011612	9883,519733 ± 187,718741
2583,070000	2735,983090 ± 37,304376	7128,943505 ± 184,253649	9864,926595 ± 187,992084
2599,900000	2740,189447 ± 37,467843	7108,188583 ± 184,470472	9848,378030 ± 188,237069
2600,920000	2740,444924 ± 37,477789	7106,930145 ± 184,483655	9847,375069 ± 188,251969
2617,310000	2744,558699 ± 37,638213	7086,699892 ± 184,696177	9831,258591 ± 188,492209
2741,050000	2776,150181 ± 38,887558	6933,416517 ± 186,343011	9709,566697 ± 190,357453
2766,610000	2782,796037 ± 39,154335	6901,629938 ± 186,692825	9684,425974 ± 190,754483
2826,190000	2798,452171 ± 39,788306	6827,365995 ± 187,521609	9625,818166 ± 191,696278
2845,140000	2803,480828 ± 39,993583	6803,695030 ± 187,789221	9607,175857 ± 192,000725
2916,570000	2822,653458 ± 40,783670	6714,245501 ± 188,815907	9536,898959 ± 193,170274
2955,870000	2833,351608 ± 41,229691	6664,877192 ± 189,393218	9498,228800 ± 193,828993
2986,790000	2841,844811 ± 41,586441	6625,957207 ± 189,853825	9467,802019 ± 194,355106
3038,870000	2856,304945 ± 42,199280	6560,243148 ± 190,642729	9416,548093 ± 195,257341
3090,080000	2870,716691 ± 42,816965	6495,427873 ± 191,434941	9366,144564 ± 196,164801
3119,540000	2879,096050 ± 43,179298	6458,049816 ± 191,898313	9337,145865 ± 196,696249
3132,960000	2882,934894 ± 43,346084	6441,000464 ± 192,111280	9323,935357 ± 196,940669
3135,770000	2883,740443 ± 43,381146	6437,428728 ± 192,156025	9321,169171 ± 196,992034
3152,830000	2888,644058 ± 43,595051	6415,730730 ± 192,428806	9304,374788 ± 197,305281
3154,060000	2888,998466 ± 43,610543	6414,165447 ± 192,448548	9303,163913 ± 197,327959
3159,280000	2890,503837 ± 43,676392	6407,521203 ± 192,532447	9298,025040 ± 197,424341
3169,070000	2893,332812 ± 43,800347	6395,054212 ± 192,690296	9288,387024 ± 197,605720
3197,440000	2901,572933 ± 44,162955	6358,883278 ± 193,151417	9260,456212 ± 198,135904
3211,840000	2905,779629 ± 44,348968	6340,498796 ± 193,387603	9246,278425 ± 198,407651
3221,580000	2908,634303 ± 44,475543	6328,054152 ± 193,548181	9236,688455 ± 198,592478
3269,600000	2922,819514 ± 45,108686	6266,585384 ± 194,349733	9189,404898 ± 199,515945
3311,150000	2935,245028 ± 45,669041	6213,242703 ± 195,056855	9148,487731 ± 200,331819
3354,700000	2948,422893 ± 46,269254	6157,173702 ± 195,811956	9105,596595 ± 201,204289
3362,010000	2950,650550 ± 46,371324	6147,746189 ± 195,940132	9098,396739 ± 201,352514
3378,160000	2955,588309 ± 46,598200	6126,901310 ± 196,224791	9082,489619 ± 201,681831
3394,300000	2960,545430 ± 46,826841	6106,046283 ± 196,511332	9066,591713 ± 202,013506
3406,210000	2964,217859 ± 46,996795	6090,642090 ± 196,724107	9054,859949 ± 202,259915
3450,300000	2977,921257 ± 47,635251	6033,505458 ± 197,521812	9011,426715 ± 203,184604
3464,120000	2982,252113 ± 47,838445	6015,559469 ± 197,775158	8997,811582 ± 203,478573
3467,670000	2983,367365 ± 47,890880	6010,946766 ± 197,840494	8994,314130 ± 203,554409
3486,920000	2989,434667 ± 48,176940	5985,913853 ± 198,196641	8975,348520 ± 203,967954
3489,850000	2990,361105 ± 48,220738	5982,100620 ± 198,251127	8972,461725 ± 204,031244
3502,220000	2994,281012 ± 48,406402	5965,992876 ± 198,481967	8960,273887 ± 204,299464
3505,290000	2995,256027 ± 48,452671	5961,993009 ± 198,539462	8957,249037 ± 204,366287
3541,610000	3006,857125 ± 49,005884	5914,604230 ± 199,225918	8921,461355 ± 205,164673
3575,000000	3017,631190 ± 49,524131	5870,926548 ± 199,867365	8888,557738 ± 205,911639
3578,990000	3018,925722 ± 49,586692	5865,699944 ± 199,944693	8884,625666 ± 206,001748
3597,140000	3024,833605 ± 49,872998	5841,905044 ± 200,298297	8866,738649 ± 206,413962
3601,730000	3026,332682 ± 49,945854	5835,882338 ± 200,388205	8862,215020 ± 206,518815
3692,160000	3056,288226 ± 51,419601	5716,793015 ± 202,200558	8773,081241 ± 208,636145
3703,550000	3060,119223 ± 51,610557	5701,733730 ± 202,434526	8761,852953 ± 208,909998
3717,640000	3064,876687 ± 51,848483	5683,085825 ± 202,725775	8747,962512 ± 209,251057
3752,200000	3076,632608 ± 52,440186	5637,257089 ± 203,448802	8713,889697 ± 210,098520
3766,900000	3081,670776 ± 52,695424	5617,725148 ± 203,760131	8699,395925 ± 210,463770
3783,600000	3087,422134 ± 52,988014	5595,507351 ± 204,116612	8682,929485 ± 210,882244
3800,800000	3093,376798 ± 53,292324	5572,592429 ± 204,486916	8665,969227 ± 211,317228
3812,250000	3097,358456 ± 53,496591	5557,319909 ± 204,735221	8654,678365 ± 211,609063
3817,860000	3099,314477 ± 53,597169	5549,831724 ± 204,857407	8649,146201 ± 211,752719
3849,940000	3110,565804 ± 54,178686	5506,943786 ± 205,562883	8617,509589 ± 212,582758
3884,300000	3122,743299 ± 54,813819	5460,877945 ± 206,331537	8583,621245 ± 213,488309
3889,500000	3124,597784 ± 54,911069	5453,894546 ± 206,449063	8578,492330 ± 213,626874
3905,900000	3130,466659 ± 55,219762	5431,849351 ± 206,821820	8562,316009 ± 214,066549
3921,220000	3135,976842 ± 55,510871	5411,227414 ± 207,172937	8547,204256 ± 214,480961
3936,740000	3141,586589 ± 55,808523	5390,307935 ± 207,531541	8531,894524 ± 214,904471
3962,280000	3150,879296 ± 56,304455	5355,819713 ± 208,128132	8506,699009 ± 215,609626
3980,040000	3157,386662 ± 56,653877	5331,790761 ± 208,547811	8489,177423 ± 216,106112
4000,721000	3165,011835 ± 57,065577	5303,761034 ± 209,041596	8468,772870 ± 216,690722
4009,300000	3168,190100 ± 57,237900	5292,118072 ± 209,248057	8460,308172 ± 216,935305
4036,500000	3178,326297 ± 57,790333	5255,142812 ± 209,909059	8433,469109 ± 217,718937
4046,540000	3182,090780 ± 57,996613	5241,470993 ± 210,155543	8423,561773 ± 218,011375
4088,340000	3197,899279 ± 58,869491	5184,411520 ± 211,196565	8382,310799 ± 219,247819
4096,340000	3200,950076 ± 59,039184	5173,465189 ± 211,398578	8374,415265 ± 219,488004
4134,000000	3215,422643 ± 59,849704	5121,821732 ± 212,361856	8337,244375 ± 220,634414
4141,950000	3218,501448 ± 60,023312	5110,895614 ± 212,567840	8329,397062 ± 220,879797
4148,100000	3220,888883 ± 60,158222	5102,437479 ± 212,727827	8323,326362 ± 221,070442
4158,800000	3225,054583 ± 60,394222	5087,709466 ± 213,007521	8312,764049 ± 221,403853
4160,900000	3225,873940 ± 60,440732	5084,817090 ± 213,062616	8310,691029 ± 221,469547
4176,150000	3231,841739 ± 60,780383	5063,794801 ± 213,464707	8295,636540 ± 221,949175
4207,500000	3244,208783 ± 61,489301	5020,477355 ± 214,302514	8264,686139 ± 222,949550
4222,900000	3250,333165 ± 61,842915	4999,148117 ± 214,719703	8249,481281 ± 223,448198
4233,750000	3254,667831 ± 62,094218	4984,100479 ± 215,015903	8238,768310 ± 223,802436
4262,900000	3266,395374 ± 62,778414	4943,589192 ± 215,821146	8209,984566 ± 224,766315
4297,730000	3280,567116 ± 63,613634	4895,021432 ± 216,801827	8175,588548 ± 225,941865
4300,750000	3281,804182 ± 63,686982	4890,801807 ± 216,887830	8172,605989 ± 226,045045
4335,300000	3296,052217 ± 64,536931	4842,429958 ± 217,883044	8138,482175 ± 227,240042
4340,700000	3298,295143 ± 64,671599	4834,853283 ± 218,040497	8133,148426 ± 227,429272
4361,890000	3307,138986 ± 65,204908	4805,078467 ± 218,663432	8112,217453 ± 228,178387
4376,500000	3313,276361 ± 65,577195	4784,508802 ± 219,097712	8097,785163 ± 228,701062
4381,320000	3315,308333 ± 65,700849	4777,715299 ± 219,241854	8093,023633 ± 228,874621
4388,160000	3318,198033 ± 65,877040	4768,068437 ± 219,447150	8086,266471 ± 229,121880
4397,850000	3322,304196 ± 66,128091	4754,389356 ± 219,739494	8076,693552 ± 229,474116
4409,050000	3327,068483 ± 66,420400	4738,559994 ± 220,079620	8065,628477 ± 229,884120
4441,700000	3341,070340 ± 67,285850	4692,299004 ± 221,085020	8033,369344 ± 231,097321
4471,000000	3353,781410 ± 68,079839	4650,635547 ± 222,005306	8004,416957 ± 232,209432
4484,800000	3359,816837 ± 68,459639	4630,962801 ± 222,444823	7990,779638 ± 232,741104
4506,850000	3369,526046 ± 69,074442	4599,462132 ± 223,155354	7968,988178 ± 233,601350
4515,230000	3373,237385 ± 69,310701	4587,468598 ± 223,428095	7960,705983 ± 233,931799
4587,900000	3405,928210 ± 71,422073	4482,945351 ± 225,858182	7888,873561 ± 236,881893
4602,600000	3412,654135 ± 71,863320	4461,686524 ± 226,364417	7874,340659 ± 237,497759
4646,100000	3432,787574 ± 73,198375	4398,542893 ± 227,892813	7831,330467 ± 239,359847
4682,000000	3449,668801 ± 74,334441	4346,160586 ± 229,189609	7795,829387 ± 240,942910
4750,800000	3482,716961 ± 76,603508	4245,063270 ± 231,769700	7727,780231 ± 244,100986
4755,760000	3485,135887 ± 76,771970	4237,737771 ± 231,960738	7722,873658 ± 244,335260
4762,300000	3488,332996 ± 76,995132	4228,070963 ± 232,213698	7716,403959 ± 244,645564
4789,800000	3501,872554 ± 77,946613	4187,325190 ± 233,290878	7689,197744 ± 245,968104
4796,100000	3504,996431 ± 78,167621	4177,968200 ± 233,540774	7682,964631 ± 246,275192
4830,300000	3522,100930 ± 79,387690	4127,024065 ± 234,918248	7649,124995 ± 247,969734
4837,600000	3525,784309 ± 79,652647	4116,117004 ± 235,216934	7641,901313 ± 248,337573
4853,460000	3533,826756 ± 80,233928	4092,379632 ± 235,871650	7626,206388 ± 249,144373
4879,480000	3547,141303 ± 81,204655	4053,313717 ± 236,963328	7600,455020 ± 250,491147
4948,300000	3583,098616 ± 83,879556	3949,233604 ± 239,960972	7532,332220 ± 254,198836
4967,600000	3593,382203 ± 84,659178	3919,842027 ± 240,831852	7513,224230 ± 255,278587
4996,200000	3608,787415 ± 85,839508	3876,118477 ± 242,148019	7484,905892 ± 256,912600
5056,700000	3642,051160 ± 88,440043	3782,939108 ± 245,038303	7424,990268 ± 260,509906
5167,300000	3705,382328 ± 93,595470	3610,035054 ± 250,731936	7315,417382 ± 267,631493
5182,700000	3714,474634 ± 94,358476	3585,681442 ± 251,570763	7300,156077 ± 268,684519
5235,100000	3745,943471 ± 97,045331	3502,276441 ± 254,517225	7248,219912 ± 272,390922
5281,900000	3774,770745 ± 99,571072	3427,052710 ± 257,276948	7201,823456 ± 275,872845
5293,400000	3781,962550 ± 100,211049	3408,458497 ± 257,974727	7190,421047 ± 276,754791
5312,600000	3794,067428 ± 101,297285	3377,315161 ± 259,157737	7171,382589 ± 278,251455
5354,000000	3820,595131 ± 103,718247	3309,729797 ± 261,788509	7130,324928 ± 281,586040
5404,500000	3853,775178 ± 106,826915	3226,456107 ± 265,155207	7080,231285 ± 285,865831
5411,200000	3858,247604 ± 107,252975	3215,336655 ± 265,615674	7073,584258 ± 286,452242
5424,620000	3867,256670 ± 108,116389	3193,013026 ± 266,548124	7060,269697 ± 287,640498
5440,200000	3877,802058 ± 109,135916	3167,008925 ± 267,648002	7044,810983 ± 289,043424
5464,600000	3894,507438 ± 110,770893	3126,091055 ± 269,409247	7020,598492 ± 291,292865
5484,400000	3908,238031 ± 112,133319	3092,710415 ± 270,874522	7000,948446 ± 293,166997
5498,000000	3917,761847 ± 113,088355	3069,688445 ± 271,900399	6987,450292 ± 294,480565
5510,530000	3926,604415 ± 113,982535	3048,408874 ± 272,859989	6975,013289 ± 295,710317
5523,500000	3935,827330 ± 114,922924	3026,311372 ± 273,868226	6962,138702 ± 297,003508
5538,400000	3946,511798 ± 116,022355	3000,835445 ± 275,045778	6947,347243 ± 298,515271
5559,600000	3961,881495 ± 117,623063	2964,418194 ± 276,757959	6926,299689 ± 300,716067
5570,600000	3969,935459 ± 118,471031	2945,442405 ± 277,663913	6915,377864 ± 301,881821
5589,200000	3983,679627 ± 119,932917	2913,228975 ± 279,224072	6896,908602 ± 303,891406
5609,100000	3998,563007 ± 121,537413	2878,583444 ± 280,934017	6877,146451 ± 306,096822
5609,800000	3999,089961 ± 121,594636	2877,361300 ± 280,994954	6876,451262 ± 306,175472
5652,600000	4031,763395 ± 125,199304	2802,177008 ± 284,827475	6833,940403 ± 311,129485
5925,100000	4264,254836 ± 154,554890	2298,786205 ± 315,657730	6563,041042 ± 351,464105
6392,000000	4827,167264 ± 276,643871	1270,642011 ± 439,763650	6097,809275 ± 519,542009
6556,000000	5138,760376 ± 433,524531	795,270096 ± 595,221292	5934,030473 ± 736,363977
Ex(e+de) = a0 + a1(e+de) + a2(e+de)^2
chi-squared: 0,000058, a0 = 12,474816 MeV, a1 = -0,988883, a2 = -0,001398 MeV^-1

Helium-3:

Excitation energy (keV):	Energy dE-detector (keV):	Energy E-detector (keV):	Total particle energy (keV):
Ex(e+de) = a0 + a1(e+de) + a2(e+de)^2
chi-squared: 0,000058, a0 = 12,474816 MeV, a1 = -0,988883, a2 = -0,001398 MeV^-1

Alphas:

Excitation energy (keV):	Energy dE-detector (keV):	Energy E-detector (keV):	Total particle energy (keV):
0,000000	6335,150193 ± 49,478614	20949,458415 ± 279,544772	27284,608608 ± 283,889789
2614,551000	6958,528265 ± 65,413101	17752,625344 ± 304,477318	24711,153609 ± 311,424648
3197,743000	7120,566764 ± 70,116482	17015,685396 ± 311,389626	24136,252160 ± 319,186185
3475,113000	7201,216333 ± 72,550737	16661,481167 ± 314,903439	23862,697500 ± 323,152882
3708,440000	7270,975880 ± 74,707779	16361,537587 ± 317,983644	23632,513467 ± 326,641777
3919,800000	7335,752017 ± 76,754360	16088,194498 ± 320,878636	23423,946515 ± 329,930797
3946,440000	7344,026716 ± 77,018864	16053,628125 ± 321,250908	23397,654840 ± 330,354433
3960,960000	7348,547369 ± 77,163665	16034,776970 ± 321,454526	23383,324340 ± 330,586212
3995,700000	7359,393736 ± 77,511936	15989,642977 ± 321,943752	23349,036713 ± 331,143291
4050,500000	7376,590998 ± 78,066611	15918,356379 ± 322,721427	23294,947377 ± 332,029389
4085,400000	7387,599796 ± 78,423287	15872,898301 ± 323,220543	23260,498097 ± 332,598454
4125,310000	7400,243331 ± 78,834476	15820,858390 ± 323,795023	23221,101721 ± 333,253794
4180,410000	7417,795303 ± 79,408052	15748,912362 ± 324,594747	23166,707665 ± 334,166708
4205,400000	7425,792902 ± 79,670469	15716,243718 ± 324,960004	23142,036620 ± 334,583903
4229,500000	7433,527759 ± 79,924903	15684,715735 ± 325,313777	23118,243494 ± 334,988124
4253,500000	7441,252182 ± 80,179619	15653,296205 ± 325,667578	23094,548388 ± 335,392521
4262,400000	7444,122172 ± 80,274418	15641,639100 ± 325,799161	23085,761272 ± 335,542957
4296,170000	7455,039281 ± 80,635816	15597,379432 ± 326,300331	23052,418713 ± 336,116112
4323,200000	7463,808751 ± 80,927031	15561,921077 ± 326,703646	23025,729828 ± 336,577565
4358,460000	7475,290373 ± 81,309541	15515,623070 ± 327,232694	22990,913444 ± 337,183151
4382,900000	7483,276817 ± 81,576434	15483,503205 ± 327,601361	22966,780022 ± 337,605341
4422,000000	7496,102017 ± 82,006453	15432,066928 ± 328,194546	22928,168945 ± 338,284966
4480,500000	7515,402349 ± 82,656892	15354,994521 ± 329,089909	22870,396870 ± 339,311553
4626,000000	7563,996804 ± 84,312351	15162,691726 ± 331,358728	22726,688530 ± 341,916919
4698,200000	7588,429638 ± 85,154404	15066,937869 ± 332,507384	22655,367507 ± 343,238157
4842,100000	7637,774700 ± 86,875067	14875,424431 ± 334,843626	22513,199132 ± 345,929951
4854,700000	7642,137221 ± 87,028488	14858,612237 ± 335,051235	22500,749458 ± 346,169450
4863,000000	7645,014670 ± 87,129798	14847,533698 ± 335,188266	22492,548368 ± 346,327555
4936,000000	7670,450687 ± 88,029386	14749,963668 ± 336,402899	22420,414355 ± 347,729900
4951,500000	7675,881363 ± 88,222392	14729,215951 ± 336,663001	22405,097314 ± 348,030411
4974,100000	7683,818552 ± 88,505078	14698,944951 ± 337,043645	22382,763503 ± 348,470325
5037,700000	7706,276408 ± 89,308784	14613,632505 ± 338,123836	22319,908913 ± 349,719584
5080,000000	7721,313122 ± 89,850111	14556,788528 ± 338,849721	22278,101650 ± 350,559804
5127,000000	7738,115490 ± 90,458058	14493,530788 ± 339,663366	22231,646277 ± 351,502294
5233,000000	7776,382483 ± 91,854769	14350,480969 ± 341,526449	22126,863452 ± 353,663136
5244,600000	7780,601907 ± 92,009811	14334,793802 ± 341,732736	22115,395709 ± 353,902626
5292,100000	7797,945834 ± 92,649292	14270,489491 ± 342,582488	22068,435325 ± 354,889634
5314,000000	7805,978317 ± 92,946645	14240,804738 ± 342,977020	22046,783055 ± 355,348161
5338,000000	7814,807338 ± 93,274357	14208,246429 ± 343,411402	22023,053767 ± 355,853195
5347,800000	7818,420464 ± 93,408732	14194,943610 ± 343,589384	22013,364075 ± 356,060186
5512,000000	7879,654745 ± 95,709576	13971,337296 ± 346,625338	21850,992040 ± 359,596229
5516,800000	7881,464829 ± 95,778269	13964,780068 ± 346,715647	21846,244897 ± 359,701567
5548,000000	7893,258582 ± 96,226806	13922,129076 ± 347,304870	21815,387657 ± 360,389055
5563,000000	7898,946128 ± 96,443712	13901,605818 ± 347,589523	21800,551945 ± 360,721314
5640,500000	7928,514357 ± 97,577655	13795,381207 ± 349,074637	21723,895564 ± 362,456206
5712,000000	7956,068421 ± 98,643932	13697,097662 ± 350,466606	21653,166083 ± 364,084423
5778,000000	7981,741367 ± 99,645801	13606,129268 ± 351,770581	21587,870635 ± 365,611580
5805,000000	7992,310813 ± 100,060633	13568,846183 ± 352,309410	21561,156996 ± 366,243158
5846,100000	8008,475241 ± 100,697742	13512,015568 ± 353,135729	21520,490809 ± 367,212307
5887,000000	8024,652170 ± 101,338609	13455,367822 ± 353,965435	21480,019992 ± 368,186153
5923,000000	8038,967032 ± 101,908445	13405,428636 ± 354,701944	21444,395668 ± 369,051217
5946,400000	8048,310177 ± 102,281763	13372,928628 ± 355,183829	21421,238804 ± 369,617520
5968,000000	8056,961716 ± 102,628430	13342,900782 ± 355,630874	21399,862498 ± 370,143098
6086,000000	8104,690470 ± 104,558042	13178,381441 ± 358,111600	21283,071911 ± 373,063403
6193,000000	8148,665274 ± 106,361821	13028,484665 ± 360,419184	21177,149939 ± 375,785611
6262,000000	8177,382726 ± 107,553366	12931,452865 ± 361,937686	21108,835591 ± 377,579945
6312,000000	8198,372350 ± 108,431133	12860,955378 ± 363,053404	21059,327727 ± 378,899835
6343,000000	8211,462849 ± 108,981522	12817,168001 ± 363,751757	21028,630849 ± 379,726629
6363,000000	8219,939868 ± 109,339154	12788,885727 ± 364,205028	21008,825595 ± 380,263531
6483,000000	8271,329509 ± 111,527841	12618,651001 ± 366,970490	20889,980510 ± 383,543739
6615,000000	8328,929015 ± 114,023668	12430,294731 ± 370,106658	20759,223746 ± 387,272947
6720,500000	8375,798845 ± 116,088420	12278,897753 ± 372,687699	20654,696598 ± 390,349385
6972,000000	8490,661635 ± 121,280070	11914,777966 ± 379,126560	20405,439602 ± 398,052514
7063,500000	8533,593617 ± 123,269655	11781,134861 ± 381,575751	20314,728478 ± 400,993094
7083,400000	8543,014402 ± 123,709883	11751,983696 ± 382,116357	20294,998097 ± 401,642933
7240,000000	8618,221616 ± 127,272004	11521,486655 ± 386,473662	20139,708271 ± 406,890716
7278,000000	8636,764243 ± 128,163450	11465,255299 ± 387,559490	20102,019542 ± 408,201211
7278,960000	8637,234201 ± 128,186112	11463,833171 ± 387,587070	20101,067371 ± 408,234511
7316,000000	8655,424119 ± 129,065870	11408,904068 ± 388,656854	20064,328187 ± 409,526737
7332,500000	8663,563297 ± 129,461179	11384,398087 ± 389,136985	20047,961383 ± 410,107046
Ex(e+de) = a0 + a1(e+de) + a2(e+de)^2
chi-squared: 0,000055, a0 = 27,177667 MeV, a1 = -0,972618, a2 = -0,000864 MeV^-1