   0.25  0.131  1.07E+01 4.28E+01 4.28E+01 6.20E+00 9.80E+00 9.94E+00 7.66E+00 4.73E+00 2.40E+00 1.01E+00 3.57E-01 1.06E-01 2.66E-02 5.65E-03 1.02E-03 1.56E-04 2.02E-05 2.23E-06 2.10E-07 1.68E-08 1.15E-09 6.69E-11 3.32E-12 1.41E-13 5.08E-15 1.56E-16 4.11E-18 0.00E+00 0.00E+00 0.00E+00 0.00E+00 0.00E+00 0.00E+00 
   0.50  0.178  3.79E+01 1.09E+02 1.09E+02 1.14E+01 1.93E+01 2.20E+01 1.99E+01 1.51E+01 9.81E+00 5.56E+00 2.76E+00 1.21E+00 4.67E-01 1.60E-01 4.86E-02 1.31E-02 3.16E-03 6.75E-04 1.29E-04 2.19E-05 3.31E-06 4.48E-07 5.40E-08 5.81E-09 5.58E-10 4.79E-11 3.67E-12 2.51E-13 1.54E-14 8.41E-16 4.11E-17 1.79E-18 0.00E+00 
   0.75  1.179  7.12E+01 1.33E+02 1.33E+02 1.10E+01 1.93E+01 2.34E+01 2.31E+01 1.96E+01 1.46E+01 9.76E+00 5.85E+00 3.16E+00 1.55E+00 6.91E-01 2.80E-01 1.04E-01 3.49E-02 1.07E-02 3.01E-03 7.73E-04 1.81E-04 3.90E-05 7.65E-06 1.38E-06 2.26E-07 3.41E-08 4.71E-09 5.95E-10 6.89E-11 7.31E-12 7.11E-13 6.33E-14 5.17E-15 
   1.00  0.350  1.35E+02 2.57E+02 2.57E+02 1.74E+01 3.14E+01 3.95E+01 4.11E+01 3.75E+01 3.06E+01 2.26E+01 1.52E+01 9.43E+00 5.38E+00 2.83E+00 1.38E+00 6.19E-01 2.58E-01 9.99E-02 3.59E-02 1.19E-02 3.70E-03 1.06E-03 2.85E-04 7.08E-05 1.64E-05 3.52E-06 7.05E-07 1.31E-07 2.28E-08 3.67E-09 5.52E-10 7.71E-11 1.00E-11 
   1.25  0.458  2.45E+02 4.39E+02 4.39E+02 2.53E+01 4.63E+01 5.99E+01 6.49E+01 6.21E+01 5.37E+01 4.26E+01 3.12E+01 2.12E+01 1.34E+01 7.91E+00 4.36E+00 2.25E+00 1.09E+00 4.92E-01 2.09E-01 8.35E-02 3.13E-02 1.10E-02 3.65E-03 1.13E-03 3.32E-04 9.12E-05 2.36E-05 5.74E-06 1.31E-06 2.83E-07 5.74E-08 1.09E-08 1.97E-09 
   1.50  0.437  4.69E+02 8.94E+02 8.94E+02 4.48E+01 8.29E+01 1.09E+02 1.22E+02 1.21E+02 1.09E+02 9.13E+01 7.10E+01 5.16E+01 3.52E+01 2.26E+01 1.36E+01 7.77E+00 4.18E+00 2.13E+00 1.02E+00 4.66E-01 2.01E-01 8.19E-02 3.17E-02 1.16E-02 4.03E-03 1.32E-03 4.13E-04 1.22E-04 3.43E-05 9.13E-06 2.31E-06 5.52E-07 1.25E-07 
   1.75  0.353  7.93E+02 1.30E+03 1.30E+03 5.75E+01 1.07E+02 1.44E+02 1.64E+02 1.67E+02 1.56E+02 1.36E+02 1.10E+02 8.45E+01 6.11E+01 4.18E+01 2.71E+01 1.66E+01 9.72E+00 5.40E+00 2.86E+00 1.44E+00 6.89E-01 3.15E-01 1.37E-01 5.68E-02 2.25E-02 8.48E-03 3.05E-03 1.05E-03 3.44E-04 1.08E-04 3.21E-05 9.14E-06 2.49E-06 
   2.00  1.937  1.43E+03 2.54E+03 2.54E+03 1.01E+02 1.90E+02 2.57E+02 2.98E+02 3.10E+02 2.98E+02 2.67E+02 2.25E+02 1.80E+02 1.36E+02 9.77E+01 6.69E+01 4.37E+01 2.72E+01 1.62E+01 9.24E+00 5.03E+00 2.62E+00 1.31E+00 6.26E-01 2.87E-01 1.26E-01 5.28E-02 2.13E-02 8.23E-03 3.05E-03 1.08E-03 3.68E-04 1.20E-04 3.77E-05 
   2.25  0.568  2.40E+03 3.87E+03 3.87E+03 1.39E+02 2.63E+02 3.60E+02 4.23E+02 4.48E+02 4.40E+02 4.04E+02 3.51E+02 2.89E+02 2.27E+02 1.70E+02 1.22E+02 8.35E+01 5.48E+01 3.46E+01 2.09E+01 1.21E+01 6.77E+00 3.63E+00 1.87E+00 9.28E-01 4.42E-01 2.03E-01 8.96E-02 3.80E-02 1.56E-02 6.12E-03 2.32E-03 8.46E-04 2.97E-04 
   2.50  0.521  4.23E+03 7.34E+03 7.34E+03 2.41E+02 4.59E+02 6.33E+02 7.51E+02 8.07E+02 8.06E+02 7.57E+02 6.73E+02 5.70E+02 4.61E+02 3.57E+02 2.65E+02 1.89E+02 1.30E+02 8.57E+01 5.45E+01 3.33E+01 1.97E+01 1.12E+01 6.14E+00 3.25E+00 1.66E+00 8.18E-01 3.89E-01 1.79E-01 7.94E-02 3.40E-02 1.41E-02 5.62E-03 2.17E-03 
   2.75  0.395  7.67E+03 1.37E+04 1.37E+04 4.16E+02 7.94E+02 1.10E+03 1.32E+03 1.44E+03 1.46E+03 1.39E+03 1.26E+03 1.10E+03 9.09E+02 7.24E+02 5.55E+02 4.09E+02 2.91E+02 2.00E+02 1.32E+02 8.47E+01 5.24E+01 3.13E+01 1.81E+01 1.01E+01 5.48E+00 2.87E+00 1.45E+00 7.14E-01 3.39E-01 1.56E-01 6.95E-02 3.00E-02 1.25E-02 
   3.00  0.395  1.42E+04 2.60E+04 2.60E+04 7.28E+02 1.40E+03 1.95E+03 2.35E+03 2.59E+03 2.66E+03 2.58E+03 2.38E+03 2.10E+03 1.78E+03 1.45E+03 1.14E+03 8.69E+02 6.37E+02 4.52E+02 3.10E+02 2.06E+02 1.33E+02 8.28E+01 5.00E+01 2.93E+01 1.67E+01 9.19E+00 4.92E+00 2.55E+00 1.28E+00 6.28E-01 2.98E-01 1.37E-01 6.13E-02 
   3.25  0.395  2.64E+04 4.89E+04 4.89E+04 1.28E+03 2.46E+03 3.45E+03 4.19E+03 4.65E+03 4.82E+03 4.74E+03 4.44E+03 3.99E+03 3.45E+03 2.87E+03 2.31E+03 1.80E+03 1.35E+03 9.88E+02 7.00E+02 4.80E+02 3.20E+02 2.07E+02 1.30E+02 7.93E+01 4.70E+01 2.71E+01 1.52E+01 8.27E+00 4.38E+00 2.26E+00 1.13E+00 5.50E-01 2.61E-01 
   3.50  0.395  4.93E+04 9.18E+04 9.18E+04 2.24E+03 4.32E+03 6.10E+03 7.46E+03 8.34E+03 8.73E+03 8.67E+03 8.23E+03 7.50E+03 6.59E+03 5.59E+03 4.59E+03 3.65E+03 2.81E+03 2.10E+03 1.53E+03 1.08E+03 7.41E+02 4.95E+02 3.21E+02 2.03E+02 1.25E+02 7.49E+01 4.37E+01 2.48E+01 1.37E+01 7.39E+00 3.88E+00 1.98E+00 9.89E-01 
   3.75  0.395  9.28E+04 1.74E+05 1.74E+05 3.99E+03 7.71E+03 1.09E+04 1.34E+04 1.51E+04 1.59E+04 1.60E+04 1.54E+04 1.42E+04 1.26E+04 1.09E+04 9.09E+03 7.36E+03 5.79E+03 4.43E+03 3.30E+03 2.39E+03 1.68E+03 1.15E+03 7.72E+02 5.03E+02 3.20E+02 1.98E+02 1.20E+02 7.06E+01 4.06E+01 2.28E+01 1.24E+01 6.65E+00 3.46E+00 
   4.00  0.395  1.74E+05 3.25E+05 3.25E+05 7.05E+03 1.36E+04 1.94E+04 2.39E+04 2.71E+04 2.88E+04 2.91E+04 2.83E+04 2.64E+04 2.38E+04 2.08E+04 1.76E+04 1.45E+04 1.16E+04 9.08E+03 6.89E+03 5.10E+03 3.68E+03 2.59E+03 1.78E+03 1.19E+03 7.79E+02 4.97E+02 3.10E+02 1.89E+02 1.12E+02 6.52E+01 3.70E+01 2.05E+01 1.11E+01 
   4.25  0.395  3.28E+05 6.16E+05 6.16E+05 1.26E+04 2.45E+04 3.49E+04 4.32E+04 4.92E+04 5.27E+04 5.37E+04 5.26E+04 4.96E+04 4.53E+04 4.00E+04 3.44E+04 2.88E+04 2.34E+04 1.86E+04 1.44E+04 1.08E+04 7.99E+03 5.75E+03 4.04E+03 2.77E+03 1.86E+03 1.22E+03 7.82E+02 4.90E+02 3.01E+02 1.80E+02 1.06E+02 6.06E+01 3.40E+01 
   4.50  0.395  6.17E+05 1.16E+06 1.16E+06 2.25E+04 4.38E+04 6.25E+04 7.78E+04 8.90E+04 9.58E+04 9.84E+04 9.70E+04 9.24E+04 8.51E+04 7.62E+04 6.63E+04 5.62E+04 4.64E+04 3.74E+04 2.94E+04 2.26E+04 1.69E+04 1.24E+04 8.92E+03 6.26E+03 4.29E+03 2.88E+03 1.90E+03 1.22E+03 7.69E+02 4.74E+02 2.86E+02 1.69E+02 9.81E+01 
   4.75  0.395  1.16E+06 2.18E+06 2.18E+06 4.03E+04 7.84E+04 1.12E+05 1.40E+05 1.61E+05 1.74E+05 1.80E+05 1.79E+05 1.72E+05 1.60E+05 1.44E+05 1.27E+05 1.09E+05 9.11E+04 7.45E+04 5.94E+04 4.64E+04 3.54E+04 2.64E+04 1.93E+04 1.38E+04 9.69E+03 6.65E+03 4.47E+03 2.95E+03 1.90E+03 1.20E+03 7.46E+02 4.54E+02 2.70E+02 
   5.00  0.395  2.19E+06 4.11E+06 4.11E+06 7.27E+04 1.41E+05 2.03E+05 2.54E+05 2.93E+05 3.19E+05 3.32E+05 3.32E+05 3.21E+05 3.01E+05 2.74E+05 2.44E+05 2.11E+05 1.79E+05 1.48E+05 1.20E+05 9.48E+04 7.35E+04 5.58E+04 4.15E+04 3.02E+04 2.16E+04 1.51E+04 1.04E+04 6.97E+03 4.60E+03 2.98E+03 1.89E+03 1.18E+03 7.21E+02 
   5.50  0.395  9.48E+06 1.46E+07 1.46E+07 2.36E+05 4.60E+05 6.63E+05 8.35E+05 9.70E+05 1.06E+06 1.12E+06 1.13E+06 1.11E+06 1.05E+06 9.75E+05 8.82E+05 7.79E+05 6.73E+05 5.70E+05 4.72E+05 3.83E+05 3.05E+05 2.38E+05 1.82E+05 1.37E+05 1.01E+05 7.32E+04 5.21E+04 3.64E+04 2.50E+04 1.68E+04 1.11E+04 7.25E+03 4.64E+03 
   6.00  0.395  3.53E+07 5.16E+07 5.16E+07 7.69E+05 1.50E+06 2.17E+06 2.75E+06 3.21E+06 3.55E+06 3.75E+06 3.83E+06 3.80E+06 3.66E+06 3.44E+06 3.15E+06 2.83E+06 2.49E+06 2.14E+06 1.81E+06 1.50E+06 1.22E+06 9.78E+05 7.68E+05 5.93E+05 4.49E+05 3.35E+05 2.46E+05 1.77E+05 1.26E+05 8.75E+04 6.01E+04 4.05E+04 2.69E+04 
   6.50  0.395  1.26E+08 1.82E+08 1.82E+08 2.52E+06 4.93E+06 7.14E+06 9.07E+06 1.07E+07 1.18E+07 1.26E+07 1.30E+07 1.30E+07 1.26E+07 1.20E+07 1.12E+07 1.02E+07 9.06E+06 7.94E+06 6.82E+06 5.76E+06 4.78E+06 3.90E+06 3.13E+06 2.47E+06 1.92E+06 1.46E+06 1.10E+06 8.16E+05 5.95E+05 4.27E+05 3.02E+05 2.10E+05 1.44E+05 
   7.00  0.395  4.50E+08 6.47E+08 6.47E+08 8.35E+06 1.64E+07 2.38E+07 3.03E+07 3.57E+07 3.99E+07 4.28E+07 4.44E+07 4.47E+07 4.39E+07 4.22E+07 3.96E+07 3.65E+07 3.30E+07 2.93E+07 2.55E+07 2.19E+07 1.85E+07 1.53E+07 1.25E+07 1.01E+07 7.99E+06 6.24E+06 4.80E+06 3.63E+06 2.71E+06 2.00E+06 1.45E+06 1.04E+06 7.32E+05 
   7.50  0.395  1.60E+09 2.30E+09 2.30E+09 2.78E+07 5.47E+07 7.95E+07 1.02E+08 1.20E+08 1.35E+08 1.46E+08 1.52E+08 1.54E+08 1.52E+08 1.48E+08 1.40E+08 1.30E+08 1.19E+08 1.07E+08 9.45E+07 8.22E+07 7.03E+07 5.93E+07 4.92E+07 4.03E+07 3.25E+07 2.58E+07 2.03E+07 1.57E+07 1.20E+07 8.99E+06 6.68E+06 4.89E+06 3.53E+06 
   8.00  0.395  5.69E+09 8.18E+09 8.18E+09 9.29E+07 1.83E+08 2.66E+08 3.41E+08 4.05E+08 4.57E+08 4.94E+08 5.19E+08 5.30E+08 5.28E+08 5.15E+08 4.93E+08 4.63E+08 4.27E+08 3.88E+08 3.46E+08 3.05E+08 2.64E+08 2.26E+08 1.90E+08 1.58E+08 1.29E+08 1.05E+08 8.34E+07 6.57E+07 5.10E+07 3.91E+07 2.96E+07 2.22E+07 1.64E+07 
   8.50  0.395  2.02E+10 2.90E+10 2.90E+10 3.11E+08 6.12E+08 8.93E+08 1.15E+09 1.37E+09 1.54E+09 1.68E+09 1.77E+09 1.82E+09 1.82E+09 1.79E+09 1.72E+09 1.63E+09 1.52E+09 1.39E+09 1.26E+09 1.12E+09 9.80E+08 8.47E+08 7.23E+08 6.08E+08 5.05E+08 4.15E+08 3.36E+08 2.68E+08 2.12E+08 1.65E+08 1.28E+08 9.72E+07 7.31E+07 
   9.00  0.395  7.14E+10 1.02E+11 1.02E+11 1.04E+09 2.05E+09 2.99E+09 3.85E+09 4.60E+09 5.22E+09 5.70E+09 6.03E+09 6.22E+09 6.27E+09 6.20E+09 6.01E+09 5.73E+09 5.38E+09 4.97E+09 4.53E+09 4.06E+09 3.60E+09 3.15E+09 2.71E+09 2.31E+09 1.94E+09 1.61E+09 1.33E+09 1.08E+09 8.62E+08 6.83E+08 5.35E+08 4.14E+08 3.17E+08 
   9.50  0.395  2.52E+11 3.62E+11 3.62E+11 3.49E+09 6.88E+09 1.01E+10 1.30E+10 1.55E+10 1.77E+10 1.94E+10 2.06E+10 2.13E+10 2.16E+10 2.15E+10 2.10E+10 2.01E+10 1.90E+10 1.77E+10 1.62E+10 1.47E+10 1.31E+10 1.16E+10 1.01E+10 8.69E+09 7.40E+09 6.22E+09 5.17E+09 4.24E+09 3.45E+09 2.77E+09 2.20E+09 1.73E+09 1.34E+09 
  10.00  0.395  8.97E+11 1.29E+12 1.29E+12 1.18E+10 2.33E+10 3.42E+10 4.42E+10 5.30E+10 6.04E+10 6.64E+10 7.08E+10 7.37E+10 7.50E+10 7.49E+10 7.35E+10 7.09E+10 6.74E+10 6.32E+10 5.84E+10 5.33E+10 4.80E+10 4.27E+10 3.76E+10 3.27E+10 2.81E+10 2.38E+10 2.00E+10 1.66E+10 1.37E+10 1.11E+10 8.96E+09 7.13E+09 5.62E+09 
  11.00  0.395  1.72E+13 1.63E+13 1.63E+13 1.36E+11 2.69E+11 3.95E+11 5.11E+11 6.15E+11 7.05E+11 7.79E+11 8.36E+11 8.75E+11 8.98E+11 9.04E+11 8.95E+11 8.73E+11 8.39E+11 7.96E+11 7.45E+11 6.89E+11 6.30E+11 5.69E+11 5.08E+11 4.49E+11 3.93E+11 3.40E+11 2.91E+11 2.47E+11 2.07E+11 1.72E+11 1.42E+11 1.15E+11 9.31E+10 
  12.00  0.395  2.20E+14 2.03E+14 2.03E+14 1.56E+12 3.09E+12 4.55E+12 5.90E+12 7.13E+12 8.20E+12 9.09E+12 9.81E+12 1.03E+13 1.07E+13 1.08E+13 1.08E+13 1.06E+13 1.03E+13 9.87E+12 9.34E+12 8.73E+12 8.08E+12 7.39E+12 6.69E+12 5.99E+12 5.32E+12 4.67E+12 4.07E+12 3.50E+12 2.99E+12 2.53E+12 2.12E+12 1.76E+12 1.45E+12 
  13.00  0.395  2.79E+15 2.57E+15 2.57E+15 1.83E+13 3.62E+13 5.33E+13 6.93E+13 8.39E+13 9.68E+13 1.08E+14 1.17E+14 1.24E+14 1.28E+14 1.31E+14 1.32E+14 1.30E+14 1.27E+14 1.23E+14 1.18E+14 1.11E+14 1.04E+14 9.59E+13 8.78E+13 7.96E+13 7.15E+13 6.37E+13 5.62E+13 4.91E+13 4.25E+13 3.65E+13 3.11E+13 2.63E+13 2.20E+13 
  14.00  0.395  3.51E+16 3.23E+16 3.23E+16 2.14E+14 4.24E+14 6.26E+14 8.15E+14 9.89E+14 1.14E+15 1.28E+15 1.39E+15 1.48E+15 1.54E+15 1.58E+15 1.60E+15 1.59E+15 1.57E+15 1.53E+15 1.47E+15 1.40E+15 1.32E+15 1.23E+15 1.14E+15 1.04E+15 9.45E+14 8.50E+14 7.59E+14 6.72E+14 5.89E+14 5.13E+14 4.43E+14 3.80E+14 3.23E+14 
  15.00  0.395  4.38E+17 4.03E+17 4.03E+17 2.50E+15 4.95E+15 7.32E+15 9.55E+15 1.16E+16 1.35E+16 1.51E+16 1.64E+16 1.75E+16 1.84E+16 1.89E+16 1.92E+16 1.93E+16 1.91E+16 1.87E+16 1.81E+16 1.74E+16 1.65E+16 1.55E+16 1.45E+16 1.34E+16 1.22E+16 1.11E+16 1.00E+16 8.97E+15 7.96E+15 7.01E+15 6.13E+15 5.32E+15 4.58E+15 
  16.00  0.395  5.55E+18 5.11E+18 5.11E+18 2.97E+16 5.90E+16 8.72E+16 1.14E+17 1.39E+17 1.61E+17 1.81E+17 1.98E+17 2.12E+17 2.23E+17 2.30E+17 2.35E+17 2.37E+17 2.36E+17 2.32E+17 2.26E+17 2.18E+17 2.08E+17 1.97E+17 1.85E+17 1.73E+17 1.60E+17 1.46E+17 1.33E+17 1.20E+17 1.08E+17 9.58E+16 8.46E+16 7.42E+16 6.46E+16 
  17.00  0.395  6.97E+19 6.42E+19 6.42E+19 3.52E+17 6.99E+17 1.03E+18 1.35E+18 1.65E+18 1.92E+18 2.16E+18 2.37E+18 2.54E+18 2.68E+18 2.78E+18 2.85E+18 2.88E+18 2.88E+18 2.85E+18 2.79E+18 2.71E+18 2.61E+18 2.48E+18 2.35E+18 2.20E+18 2.05E+18 1.89E+18 1.74E+18 1.58E+18 1.43E+18 1.28E+18 1.14E+18 1.01E+18 8.90E+17 
  18.00  0.395  8.73E+20 8.03E+20 8.03E+20 4.17E+18 8.28E+18 1.23E+19 1.60E+19 1.96E+19 2.28E+19 2.58E+19 2.83E+19 3.05E+19 3.22E+19 3.36E+19 3.45E+19 3.50E+19 3.51E+19 3.49E+19 3.44E+19 3.35E+19 3.24E+19 3.10E+19 2.95E+19 2.79E+19 2.61E+19 2.43E+19 2.24E+19 2.06E+19 1.87E+19 1.69E+19 1.52E+19 1.36E+19 1.21E+19 
  19.00  0.395  1.10E+22 1.02E+22 1.02E+22 5.00E+19 9.93E+19 1.47E+20 1.93E+20 2.36E+20 2.75E+20 3.11E+20 3.43E+20 3.70E+20 3.92E+20 4.09E+20 4.22E+20 4.30E+20 4.33E+20 4.32E+20 4.27E+20 4.18E+20 4.06E+20 3.91E+20 3.74E+20 3.55E+20 3.34E+20 3.13E+20 2.90E+20 2.68E+20 2.46E+20 2.24E+20 2.03E+20 1.82E+20 1.63E+20 
  20.00  0.395  1.38E+23 1.27E+23 1.27E+23 5.96E+20 1.18E+21 1.76E+21 2.30E+21 2.82E+21 3.30E+21 3.73E+21 4.12E+21 4.45E+21 4.73E+21 4.95E+21 5.12E+21 5.23E+21 5.28E+21 5.29E+21 5.25E+21 5.16E+21 5.03E+21 4.87E+21 4.68E+21 4.46E+21 4.22E+21 3.97E+21 3.71E+21 3.45E+21 3.18E+21 2.92E+21 2.66E+21 2.41E+21 2.17E+21 
  22.50  0.395  1.79E+26 7.15E+25 7.15E+25 2.98E+23 5.93E+23 8.80E+23 1.16E+24 1.42E+24 1.66E+24 1.89E+24 2.09E+24 2.27E+24 2.43E+24 2.55E+24 2.66E+24 2.73E+24 2.78E+24 2.80E+24 2.80E+24 2.78E+24 2.73E+24 2.67E+24 2.59E+24 2.50E+24 2.39E+24 2.28E+24 2.15E+24 2.02E+24 1.89E+24 1.76E+24 1.63E+24 1.50E+24 1.37E+24 
  25.00  0.395  1.01E+29 4.01E+28 4.01E+28 1.51E+26 3.00E+26 4.46E+26 5.87E+26 7.22E+26 8.48E+26 9.66E+26 1.07E+27 1.17E+27 1.25E+27 1.32E+27 1.38E+27 1.43E+27 1.46E+27 1.49E+27 1.49E+27 1.49E+27 1.48E+27 1.46E+27 1.42E+27 1.38E+27 1.34E+27 1.28E+27 1.23E+27 1.17E+27 1.10E+27 1.03E+27 9.67E+26 9.00E+26 8.33E+26 
