,$E_{\gamma SF}$,$\gamma SF$-median,$\gamma SF$-error,$E_{NLD}$,NLD-median,NLD-error
0,1.1,1.9433732318293678e-08,1.752564489081333e-08,0.0,59.84993654288269,40.47347223169639
1,1.3,2.913295293619697e-08,1.5938728341864397e-08,0.2,29.802806785702728,14.919953939609549
2,1.5,3.797145956808848e-08,2.5061900501162357e-08,0.4,56.05732290197712,4.8338197244256875
3,1.7,4.6230515880160717e-08,2.43800202180679e-08,0.6,115.41313268835776,58.02567300142297
4,1.9000000000000001,5.8200524321923435e-08,2.6778207475908525e-08,0.8,180.99402487465562,84.52321890461599
5,2.1,7.314877639785876e-08,3.248304236105724e-08,1.0,225.05407907113988,96.87863505626791
6,2.3000000000000003,6.230421332724981e-08,3.0519706420904797e-08,1.2,430.8723644977183,181.7430601840499
7,2.5,5.7367574424406716e-08,3.183878423563275e-08,1.4000000000000001,563.8733290278425,236.20378972223142
8,2.7,6.070715837141198e-08,3.373531991326422e-08,1.6,825.074145790972,379.5743617159777
9,2.9,6.431731926786009e-08,2.8832842627773413e-08,1.8,1137.8328791946014,519.4414161840134
10,3.1,2.7349790140298748e-08,1.616122758402559e-08,2.0,1691.0360759411185,858.4754360876718
11,3.3000000000000003,3.602865808896831e-11,3.238827663776511e-11,2.2,2275.593712182329,1467.0037283886904
12,3.5,1.1567138516986721e-08,1.2820225552769917e-08,2.4,3829.858436595131,2411.355852865205
13,3.7,3.2897118470759245e-08,3.141045270891071e-08,2.6,7208.900687688517,3882.2941301082083
14,3.9,6.501558668030506e-08,5.381489679829654e-08,2.8000000000000003,8508.090815801921,4473.211396297729
15,4.1,1.0051051724337984e-07,8.336579090580781e-08,3.0,17817.187318210195,8511.30897619201
16,4.3,1.0711652758420697e-07,9.207396240607738e-08,3.2,33472.22613096782,15135.6115186128
17,4.5,1.6724489196112248e-07,1.3221513533307256e-07,3.4,47106.18904196341,36396.371534336264
18,4.7,1.5456452163567053e-07,2.1083331939871078e-07,3.6,105239.54760900787,98261.07061764492
19,4.9,2.8140137648169624e-07,3.458482283748007e-07,3.8000000000000003,172635.10875332198,216353.83589206034
