,$E_{\gamma SF}$,$\gamma SF$-median,$\gamma SF$-error,$E_{NLD}$,NLD-median,NLD-error
0,1.125,2.5865067548640622e-08,1.4920579232111356e-08,0.0,48.18437468498214,25.22521590319836
1,1.375,2.9299047194420956e-08,1.4796746895856143e-08,0.25,41.625252230389314,9.669636744718844
2,1.625,3.919481027814464e-08,1.6090541013600574e-08,0.5,75.14425016167871,22.490615988696902
3,1.875,5.467528227839972e-08,2.1416529506877384e-08,0.75,157.30419322101514,54.70538436520562
4,2.125,7.506678973280679e-08,2.9403967072344418e-08,1.0,249.1687382179432,80.22360433012693
5,2.375,6.322185976603472e-08,2.866711012788227e-08,1.25,434.00216983259213,184.90045775798575
6,2.625,6.747352512240702e-08,3.0029864596648666e-08,1.5,716.5915063918785,274.009054639242
7,2.875,6.459933627955032e-08,2.37310813904069e-08,1.75,1214.6364166658807,452.37736865430566
8,3.125,3.595626717329434e-08,1.8518222861657436e-08,2.0,1976.438156805061,785.6503505848623
9,3.375,1.337104164403363e-08,1.370209628844798e-08,2.25,3377.436031823779,1446.1962782516234
10,3.625,4.845392189763072e-08,3.129565974790454e-08,2.5,7363.497871540661,3066.3300813615615
11,3.875,4.0237662856487606e-08,3.43476836981445e-08,2.75,10964.719479044106,5454.512666717368
12,4.125,1.0120397969602076e-07,7.79941420186683e-08,3.0,21567.707134183933,8925.99767685301
13,4.375,1.9328080075278945e-07,1.4079864467212032e-07,3.25,38548.39347687157,9446.575761581815
14,4.625,1.9894320536636442e-07,1.5988138541540388e-07,3.5,90429.4629874304,44567.03064187101
15,4.875,1.2675380400810714e-07,1.192389176769014e-07,3.75,152020.49180822916,91500.24606035977
16,5.125,4.38676843620273e-07,3.8846269401624176e-07,4.0,361169.8777779088,199915.38165547024
17,5.375,1.932049613220251e-06,1.7532366879545892e-06,4.25,1018858.7821767387,989512.4533109296
