,$E_{\gamma SF}$,$\gamma SF$-median,$\gamma SF$-error,$E_{NLD}$,NLD-median,NLD-error
0,1.125,2.7312184813089084e-08,1.6623556358063367e-08,0.0,42.96755221002798,21.965137834468983
1,1.375,3.411921681536907e-08,1.653397963698388e-08,0.25,43.22436253817535,10.985203986215936
2,1.625,4.366715732715406e-08,1.4449098327541841e-08,0.5,71.82538788666727,15.805913820917496
3,1.875,6.212742783407575e-08,1.9700407487305967e-08,0.75,146.91187060792208,48.136174032037246
4,2.125,8.312571483993134e-08,3.083525013571373e-08,1.0,242.30274875670446,96.08983269715131
5,2.375,6.680363225027291e-08,2.6161121923934924e-08,1.25,414.1362690072689,194.6746360265887
6,2.625,7.16877610360383e-08,2.7275279993641325e-08,1.5,692.7077058005295,301.5971898060002
7,2.875,6.769703492087445e-08,2.2073940398623668e-08,1.75,1107.0439440699759,532.6000703204852
8,3.125,3.811051181593838e-08,1.8579460252786804e-08,2.0,1812.6898844702273,895.4385548393739
9,3.375,1.3237362496164816e-08,1.1665269985993588e-08,2.25,2943.1820838374883,1613.6453567031713
10,3.625,5.121100389817468e-08,3.0945011422285077e-08,2.5,6640.486542415835,3692.988139229844
11,3.875,6.767491623732345e-08,5.604557681467644e-08,2.75,9740.148673220392,4640.957104758371
12,4.125,1.8306217469063604e-07,1.5124004079460072e-07,3.0,21502.20259216045,11067.319383598224
13,4.375,1.9692373090947624e-07,1.4741156643431205e-07,3.25,38429.692740055485,14940.031989459105
14,4.625,1.5653549713908487e-07,1.695165698453435e-07,3.5,88218.63787799678,70283.28102269128
15,4.875,5.078184911885696e-07,4.4646142060436707e-07,3.75,137160.97110352266,137399.76700267976
